1.234 -4.754 0.1620 2 4 4 -0.069 0 0 -7.424 1 2 -6.359 -0.160 0
0 -4.466 0.1620 2 8 4 -5.746 1 0 -7.424 0 2 -1.719 -0.172 0
1 -1.057 -3.446 1 4 4 -2.754 0 0 -7.424 1 2 7.5617 -0.172 0
0 -4.957 8.2705 1 5 3 -6.193 1 1 26.946 0 2 -14.09 -0.172 1
1 -5.698 4.2678 2 6 4 -0.799 1 1 0.0738 0 2 -9.453 -0.171 1
0 -7.835 -4.852 2 8 8 -2.063 1 0 0.0738 0 2 -6.359 -0.172 1
1 -0.079 2.2619 2 3 4 -5.856 0 0 -7.424 0 2 -9.453 -0.171 0
0 13.279 -0.189 2 8 8 2.1759 1 1 11.321 0 2 0.1370 -0.167 1
1 -1.922 -4.349 1 2 4 2.0660 0 0 -7.424 0 2 0.1370 -0.167 0
0 11.840 2.9588 2 4 8 12.398 1 0 1.9379 1 2 0.1370 -0.172 0
1 0.8733 -3.446 2 14 8 6.1958 1 1 0.0738 1 2 5.4735 -0.162 1
1 -0.079 0.4590 2 11 8 7.5777 1 1 11.321 1 2 0.1370 -0.172 1
1 -5.449 -4.049 1 8 8 -2.409 1 1 1.9379 1 2 -3.265 -0.170 0
1 1.5745 0.4590 2 8 4 14.463 1 0 11.321 1 2 -14.09 -0.162 1
1 13.236 -2.295 2 8 4 0.4564 0 0 -7.424 1 2 0.1370 -0.172 0
1 8.0614 1.7074 2 4 4 -0.069 1 0 -7.424 0 2 -14.09 -0.162 1
1 -1.057 -0.140 2 9 4 14.463 1 1 -1.182 1 2 11.428 -0.172 1
0 -6.314 5.2677 2 6 4 -4.128 1 1 -1.182 0 2 -7.287 -0.166 1
1 -0.079 -4.049 1 4 4 -5.856 0 0 -7.424 0 2 -3.265 3.7312 0
1 -4.587 1.2529 2 8 4 0.9275 1 1 0.0738 0 2 -4.116 -0.140 1
0 -1.752 -4.852 2 6 4 -6.083 0 0 -7.424 0 2 6.0149 -0.162 0
0 -6.190 -4.852 1 6 4 -4.584 1 0 -7.424 1 2 -1.719 -0.172 0
1 4.6556 -3.952 2 8 4 -5.746 0 0 -7.424 0 2 -1.100 -0.172 0
1 4.8559 -3.446 2 4 4 -5.620 1 0 -7.424 0 2 -1.719 -0.172 0
1 -6.026 5.9646 2 6 4 -4.018 0 0 -7.424 0 2 -7.906 -0.169 0
1 -0.079 -3.746 2 13 8 8.9517 1 1 1.9379 1 2 -14.09 -0.172 1
1 -4.547 -5.407 1 8 4 -5.856 0 0 -7.424 0 2 1.3745 -0.172 0
1 0.7125 -1.898 2 8 8 -0.579 1 1 -4.303 1 2 -0.172 0.0031 1
0 -0.519 8.8735 2 8 4 -0.689 1 1 -4.303 0 2 2.9213 -0.172 1
1 -4.262 0.1620 2 8 4 -3.210 1 1 26.946 1 2 -9.453 -0.151 1
1 -0.079 -4.649 2 8 8 5.5128 1 1 1.9379 1 2 10.036 -0.171 1
0 -5.573 7.0706 1 8 8 -6.193 0 0 -7.424 1 2 -2.183 -0.172 0
1 10.155 -3.904 1 8 8 19.865 1 0 -7.424 1 2 1.3745 -0.171 0
1 -4.262 8.2705 2 9 4 -0.344 1 1 26.946 1 2 8.3352 -0.169 1
1 5.4721 -4.049 2 8 4 32.027 0 0 -4.303 1 2 13.130 -0.171 0
1 21.247 17.285 1 1 1 -6.083 0 1 -1.182 0 2 -14.09 -0.169 0
1 -3.315 9.4735 2 6 4 2.0660 1 0 -7.424 1 1 -12.54 -0.172 1
1 3.8694 0.1620 2 9 4 17.564 1 1 11.321 1 2 -8.679 -0.172 1
0 7.8974 4.0648 2 8 4 15.499 1 1 11.321 1 2 -14.09 -0.160 1
0 -0.079 0.1620 2 14 4 32.027 1 0 0.0738 1 2 26.046 -0.156 1
1 -0.079 -5.549 2 13 4 -5.965 1 0 0.0738 0 2 -14.09 -0.172 1
1 -4.508 -3.746 2 6 4 -4.709 0 0 -7.424 1 2 -4.812 -0.172 0
1 -2.453 -4.204 2 14 8 -2.754 1 0 -7.424 0 2 -14.09 -0.121 1
1 15.577 -4.901 2 8 4 -4.584 1 1 1.9379 1 2 -0.172 -0.172 0
1 -3.931 -5.058 1 8 4 -6.083 0 1 -1.182 0 2 -4.193 -0.172 0
0 -5.410 6.7676 2 11 4 -4.238 1 1 -1.182 1 2 0.1370 -0.172 1
0 -3.561 -3.446 1 8 4 -5.746 0 0 -7.424 0 2 -3.884 -0.172 0
1 -7.668 -5.504 2 8 4 -0.069 0 0 -7.424 0 2 -14.09 -0.172 1
0 -1.096 -3.146 1 10 8 -0.689 0 0 -7.424 0 2 5.7056 -0.172 0
0 10.401 12.479 2 8 4 8.9517 1 1 36.329 0 2 -14.09 -0.151 1
1 0.2966 -1.343 2 4 4 -4.819 1 0 -7.424 1 2 3.8494 -0.172 0
1 -5.249 -0.598 1 3 8 -6.083 0 0 -7.424 0 2 -3.265 -0.171 0
1 -1.752 -5.407 1 4 4 -5.965 0 0 -7.424 0 2 2.6119 -0.162 0
1 -0.079 -3.446 1 8 4 0.2366 0 0 0.0738 1 2 -5.431 -0.172 0
1 -2.043 -1.643 1 8 8 7.8132 0 1 -1.182 1 2 14.445 0.8032 0
1 -1.922 0.1620 2 9 4 -0.689 1 1 26.946 1 2 19.472 -0.172 1
1 4.0788 2.2619 2 6 5 3.4478 1 1 -4.303 0 2 -14.09 -0.167 1
0 2.7614 -2.546 2 8 8 -5.620 0 0 -7.424 0 2 6.0149 -0.170 0
1 5.3112 0.3499 1 9 4 2.5214 1 0 -7.424 1 2 -10.07 -0.158 1
1 12.335 9.1735 2 7 4 -2.754 1 1 5.0796 0 2 1.3745 -0.172 1
1 5.6390 0.4590 2 3 5 0.0011 0 0 -7.424 1 2 0.1370 -0.162 0
0 -3.931 -4.698 2 9 4 -5.510 0 1 -4.303 1 2 4.4681 3.7312 0
1 -6.521 -3.146 2 3 4 -2.063 1 1 -1.182 0 2 -4.812 -0.169 1
0 4.4856 -1.343 2 3 5 -4.819 0 0 -7.424 0 2 75.621 -0.172 0
0 -0.079 -4.949 2 8 8 -2.063 1 0 0.0738 0 2 7.5617 -0.164 1
1 5.0623 6.2040 2 14 8 15.727 1 1 17.583 0 2 0.1370 -0.162 1
0 -6.026 0.1620 2 11 4 -6.083 0 0 -7.424 1 2 15.295 -0.172 0
1 -5.042 8.2705 2 3 4 -4.819 1 0 -7.424 1 2 -6.359 -0.172 0
1 -0.079 -2.149 2 1 1 -6.193 0 1 0.0738 0 2 -0.481 -0.162 0
1 -2.207 -3.652 2 13 4 -1.145 1 1 30.087 1 2 30.996 -0.165 1
1 8.3922 0.1620 1 1 1 -0.069 1 0 -7.424 1 2 -14.09 -0.172 0
0 -0.644 -3.904 2 9 4 -6.083 0 1 1.9379 0 2 -14.09 -0.172 0
1 -1.136 0.1620 2 9 4 -1.372 1 0 -7.424 0 2 1.3745 -0.172 0
1 -1.712 0.5075 1 8 5 -2.063 1 1 17.583 1 2 -2.956 -0.162 1
1 4.2002 20.290 2 10 9 48.899 1 1 26.946 0 2 -14.09 -0.161 1
1 2.3516 -0.443 2 11 4 -0.069 0 0 -7.424 0 2 21.019 -0.172 0
1 -3.030 -5.155 2 8 8 3.4478 0 0 -7.424 1 2 12.202 -0.172 0
1 -0.935 -1.343 2 8 4 -0.069 0 0 -7.424 0 2 2.6119 -0.172 0
1 -4.262 -5.549 2 4 4 -3.445 0 1 26.946 0 1 0.1370 -0.172 0
0 0.2177 -3.795 2 9 4 -3.210 1 1 42.591 0 2 -4.812 -0.152 1
1 -3.233 -1.343 2 13 4 -4.474 1 1 14.442 0 2 -14.09 -0.162 1
1 1.6960 -1.043 2 1 1 -6.193 0 1 11.321 0 2 -14.09 -0.170 0
0 -6.484 6.4676 2 2 4 -5.055 0 0 -7.424 0 2 -7.906 -0.172 0
1 4.0393 0.4590 2 3 5 -5.620 0 0 -7.424 0 2 28.443 -0.172 0
1 -0.079 -4.349 2 8 4 -0.069 0 0 -7.424 1 1 7.5617 -0.172 0
1 2.8859 -5.549 2 8 4 -6.193 1 0 -7.424 0 3 0.1370 -0.172 1
0 -3.440 10.867 2 11 8 -2.063 0 0 -7.424 0 2 7.5617 0.8032 0
0 7.5271 10.073 2 3 5 8.0331 1 1 20.704 0 2 -14.09 -0.172 1
1 -0.079 0.7589 2 9 4 -0.069 0 0 0.0738 1 2 0.1370 -0.172 1
1 -0.079 -4.852 1 1 1 -6.193 0 0 -7.424 0 2 -6.359 -0.172 0
1 -0.079 -4.001 2 4 8 -5.510 0 0 -7.424 1 1 -3.265 -0.172 0
1 5.4326 -0.646 2 6 4 -6.083 0 0 -7.424 0 2 -5.740 -0.171 0
1 -1.506 11.876 2 2 4 -5.856 0 0 -7.424 0 2 -14.09 -0.169 0
1 2.2302 0.4590 2 8 5 0.6920 1 1 11.321 0 2 -14.09 -0.169 1
0 -6.681 6.4676 1 11 8 -5.746 0 0 -7.424 0 2 12.202 -0.172 0
1 -5.164 -3.746 2 9 4 -2.063 0 0 -7.424 0 2 -2.492 -0.172 1
0 3.5446 -3.555 2 6 4 -5.510 0 0 -7.424 0 2 -14.09 -0.168 0
1 0.0507 -5.504 1 7 4 -6.083 0 0 -7.424 0 2 -14.09 -0.172 0
0 -7.100 5.8677 2 8 4 -1.372 0 1 23.825 1 2 0.1370 -0.172 0
0 -5.573 -4.552 2 11 4 -1.828 1 1 0.0738 0 2 -14.09 -0.172 1
0 3.6235 -0.743 2 8 4 2.0660 0 0 -7.424 0 2 23.029 -0.172 0
1 3.4231 -5.298 2 4 4 -5.965 1 0 -7.424 1 2 7.5617 -0.172 1
1 -2.001 0.1620 2 9 4 9.6426 1 0 -7.424 0 2 23.571 -0.167 1
1 -1.961 -4.852 2 13 4 -5.510 1 1 -1.182 0 2 6.0149 -0.167 1
1 -6.275 -5.549 1 1 1 -6.193 0 1 5.0796 0 2 -10.61 -0.162 0
0 -3.315 -4.504 2 14 8 -3.335 1 0 -7.424 1 2 -1.719 -0.115 1
1 -2.001 -3.146 2 14 8 -3.445 1 0 5.0796 0 2 -3.265 -0.099 1
1 -4.672 5.2677 2 6 4 -5.965 0 0 -7.424 0 2 -14.09 -0.172 0
0 8.9234 10.770 2 4 8 17.219 1 0 -7.424 1 2 -14.09 -0.172 1
1 0.2966 -2.546 2 8 4 -2.754 0 0 -7.424 1 2 7.5617 -0.162 0
1 3.2137 6.6131 1 4 4 -5.856 0 0 -7.424 0 2 -1.719 -0.172 0
1 7.6910 0.1620 2 8 4 -3.445 0 0 -7.424 0 2 -14.09 -0.170 0
1 -1.922 -0.743 1 3 8 9.6426 1 1 -1.182 1 2 -8.293 -0.172 0
1 1.9813 -4.458 2 6 4 -4.128 1 1 5.0796 0 2 -14.09 -0.157 1
1 0.9128 0.1620 2 3 5 4.8218 0 0 -7.424 0 1 18.389 -0.172 0
1 1.1587 -5.455 1 7 5 -6.083 1 1 -4.303 1 2 7.5617 -0.153 1
0 -5.410 6.8646 2 13 4 -5.275 1 0 -4.303 1 2 -7.906 -0.172 1
1 0.7125 -4.349 2 14 4 -4.128 1 1 14.442 1 2 12.202 -0.133 1
1 -4.426 7.6706 2 11 4 0.6920 1 0 14.442 0 2 -6.359 -0.164 1
1 8.3922 4.6647 2 8 8 28.234 1 1 20.704 0 2 -0.094 -0.156 1
1 -0.079 0.4590 2 8 4 7.5777 1 1 14.442 0 2 -14.09 -0.142 1
1 -5.449 -4.552 1 8 4 -0.689 0 0 -7.424 1 1 4.4681 -0.172 0
0 3.4626 0.1620 2 1 1 -6.193 0 0 -7.424 0 2 -8.215 -0.172 0
0 12.496 17.888 2 8 4 8.9517 1 1 14.442 0 2 -14.09 -0.143 1
0 -0.234 0.1620 2 13 8 -4.474 1 1 20.704 1 2 -0.094 -0.162 1
1 -4.793 -4.601 2 9 4 -5.400 0 0 -4.303 0 2 18.389 -0.169 0
0 13.112 6.4676 2 11 4 -0.069 1 1 36.329 0 2 -14.09 -0.157 1
1 -1.384 -5.107 2 8 4 -5.400 0 0 -7.424 0 2 2.9213 -0.171 0
0 7.0354 -0.743 2 8 3 -6.193 1 0 -7.424 0 2 -6.359 -0.162 1
1 -5.288 -1.943 1 8 4 -3.210 1 1 17.583 1 2 -1.719 0.8032 1
0 -3.440 9.4735 2 8 4 -2.063 1 1 0.0738 1 2 -4.812 -0.167 1
0 -5.370 -4.949 1 10 2 -3.445 0 0 -7.424 0 2 6.0149 -0.172 0
1 -3.521 10.676 1 1 1 -6.193 1 0 0.0738 0 2 0.1370 -0.172 0
0 -2.577 -2.295 1 8 4 -5.965 0 0 -7.424 0 2 -7.906 -0.172 0
1 4.5311 -4.552 2 1 1 -6.193 1 0 -7.424 0 2 -4.039 0.8032 0
0 3.2532 -0.250 2 8 4 -5.856 0 0 -7.424 0 2 -1.719 -0.172 0
1 -5.992 0.1620 2 1 1 -6.193 0 1 1.9379 0 2 12.975 -0.165 0
1 -0.079 5.8677 2 7 4 11.707 1 1 36.329 0 2 4.4681 -0.127 1
1 -2.945 -4.949 2 8 4 -2.173 1 1 8.2004 1 2 10.036 -0.172 1
0 7.0748 -1.943 2 8 4 0.3465 1 1 17.583 1 2 16.533 -0.132 1
1 -5.944 6.4676 1 4 8 -3.901 1 0 0.0738 1 2 -3.265 -0.162 0
0 -0.079 -4.049 2 1 1 2.7569 0 0 -7.424 0 2 7.5617 -0.172 0
1 -6.363 -1.295 1 1 1 -6.193 0 0 -7.424 1 2 -0.172 -0.162 0
1 15.947 18.488 2 14 8 42.014 1 1 0.0738 1 2 -14.09 -0.162 1
0 -0.079 -4.049 2 11 4 -5.510 0 1 -4.303 0 2 -5.740 -0.171 0
0 18.208 0.1620 2 10 9 -6.193 1 1 36.329 0 2 -14.09 -0.139 1
1 22.194 21.239 2 8 9 -0.069 1 1 0.0738 1 2 -14.09 -0.171 1
0 -7.792 -2.101 2 11 4 -5.965 0 0 -7.424 0 2 -4.812 -0.172 0
1 1.5290 -0.743 2 2 5 28.234 1 0 -7.424 1 2 0.1370 -0.172 0
0 7.7366 4.0648 2 10 5 11.707 1 1 11.321 0 2 14.909 0.3260 1
1 -4.217 -5.549 2 8 4 -6.193 0 0 -7.424 0 3 0.1370 -0.172 1
1 6.6256 -3.746 2 8 4 0.6920 1 0 -7.424 1 2 -3.265 -0.162 0
1 -8.160 2.8618 2 10 4 -3.445 0 0 -7.424 0 2 0.1370 -0.172 0
1 -6.363 -5.058 1 8 4 -5.746 0 1 -4.303 0 2 1.3745 0.8032 0
1 10.240 2.2619 2 4 4 11.134 1 1 39.450 0 2 -14.09 -0.063 1
1 -6.190 -5.549 1 7 5 -6.193 1 0 -7.424 1 2 0.1370 0.8032 1
1 -6.766 -5.358 2 8 7 -5.620 0 0 -7.424 0 2 0.1370 -0.172 1
1 2.8464 -4.552 2 10 4 -6.083 0 0 -7.424 0 2 -4.812 4.7073 0
1 -4.466 -3.652 1 9 4 2.3015 1 0 11.321 0 2 -7.906 -0.172 1
1 7.9369 -0.550 2 14 5 -5.965 0 0 -7.424 1 2 26.123 -0.172 0
1 1.1587 0.1620 2 8 4 -3.445 0 0 -7.424 0 2 21.483 -0.162 0
0 0.6669 -3.604 2 2 4 -4.709 0 0 -7.424 1 2 -14.09 -0.172 0
1 5.5965 -5.107 1 8 4 -5.165 1 1 17.583 1 2 9.1086 -0.171 1
1 1.3681 -0.695 1 3 5 17.219 1 1 14.442 1 2 0.1370 -0.172 1
1 5.4326 -1.943 2 3 5 -3.445 1 0 0.0738 0 2 -14.09 -0.170 0
1 -6.642 -5.358 2 2 4 -5.510 0 0 -7.424 1 2 7.5617 -0.172 0
1 -4.262 -2.546 2 1 1 -5.965 0 0 -7.424 1 2 0.1370 -0.131 0
0 -4.547 4.6163 1 14 4 0.5821 0 0 -7.424 0 2 -1.409 -0.172 1
1 -6.806 -5.310 2 6 4 -0.069 0 0 -7.424 0 2 7.5617 -0.165 0
1 -6.560 6.9615 1 6 4 -5.856 1 0 -7.424 0 2 -4.812 -0.169 0
0 -2.001 -3.746 2 7 4 -0.689 1 0 -7.424 0 1 14.367 -0.172 0
0 -6.314 5.5677 1 8 4 -3.445 1 1 5.0796 1 2 -7.906 -0.167 1
1 -4.466 0.1620 2 3 4 -1.828 0 1 0.0738 1 2 16.842 -0.172 0
1 15.167 9.7735 1 8 8 7.5777 1 0 -7.424 0 2 -5.431 -0.172 0
0 -4.056 5.2677 2 11 4 17.219 1 1 8.2004 1 2 -4.812 -0.172 1
1 1.7354 -1.752 2 8 8 4.1309 1 0 -7.424 1 2 38.498 -0.172 0
0 12.374 0.1620 1 1 1 -0.069 0 0 -7.424 1 2 -14.09 3.7312 0
0 10.647 -5.358 2 1 1 -6.193 0 0 -7.424 1 1 -9.298 -0.172 0
1 4.6556 -0.695 2 13 8 13.089 1 1 17.583 0 2 10.655 -0.172 1
1 5.1473 0.5075 2 8 4 28.925 1 0 0.0738 1 2 -6.978 -0.172 1
1 4.6556 -4.049 1 9 4 -5.510 0 0 -7.424 0 2 -14.09 -0.170 0
0 0.9978 -4.649 2 4 5 -3.445 1 1 1.9379 0 2 2.3026 -0.172 0
1 -0.079 9.4735 2 13 4 -2.864 1 1 202.02 1 2 -3.265 -0.170 1
1 -3.646 2.4043 1 2 4 8.9517 1 0 -7.424 1 2 -6.359 -0.172 1
1 -4.138 8.4160 1 8 4 -3.901 1 0 -7.424 1 2 -1.719 -0.169 1
1 -0.519 -2.546 2 13 4 0.0011 0 0 -7.424 1 1 12.202 -0.172 0
1 2.6825 -0.743 2 8 5 7.5777 1 0 -7.424 1 1 7.5617 -0.172 0
1 -2.699 -3.701 2 9 4 -0.069 0 0 0.0738 0 2 -6.359 -0.172 0
1 -0.975 -4.758 2 9 4 -5.510 0 0 -7.424 1 2 9.1086 -0.172 0
0 -4.302 -3.352 2 5 3 -6.193 0 1 -4.303 0 2 1.3745 -0.172 0
1 -7.137 -1.943 2 4 4 -6.083 0 0 -7.424 1 2 -1.719 -0.172 0
1 -1.221 12.224 2 6 4 7.6876 1 1 8.2004 1 2 -1.100 -0.172 1
0 -1.551 0.1620 2 3 5 -4.819 1 0 -7.424 1 2 -0.868 -0.172 0
1 1.4046 -5.549 2 8 4 -6.193 0 0 -7.424 0 2 0.1370 -0.172 0
1 -4.095 -4.852 2 8 4 -0.069 1 0 -7.424 0 2 -0.172 -0.172 0
1 -3.315 7.9706 2 8 4 0.6920 1 1 0.0738 0 2 1.3745 -0.160 1
0 -6.396 3.4648 2 11 4 1.2651 1 1 8.2004 0 2 0.1370 -0.162 1
1 -7.225 -5.249 2 11 4 -5.275 0 1 5.0796 0 2 -1.719 -0.172 0
0 -7.716 -5.155 2 1 1 -6.193 0 1 -4.303 0 2 -1.719 -0.171 0
1 0.5880 -2.546 2 6 4 -0.069 0 1 -1.182 1 2 41.591 -0.172 0
0 -5.622 6.4676 2 8 8 -3.445 1 1 5.0796 0 2 -10.22 -0.158 1
0 -0.079 -3.446 2 5 4 -0.069 0 0 -7.424 0 2 -1.719 -0.172 0
1 0.7125 -4.301 2 12 8 11.707 1 0 -7.424 1 2 -1.409 0.1326 1
0 -3.154 -3.049 2 8 8 1.3751 1 0 -7.424 1 2 13.749 0.8032 0
0 -3.440 -1.943 2 11 8 -1.145 1 1 51.954 0 2 -14.09 -0.167 1
1 -0.440 -5.549 2 9 4 -2.754 1 1 -4.303 0 2 1.5292 -0.172 1
1 -5.410 0.5559 1 5 4 -0.069 0 0 -7.424 0 2 -3.265 -0.170 0
0 4.2397 4.2072 2 4 4 -5.746 0 1 -1.182 0 2 0.1370 -0.172 0
1 -1.136 -4.049 2 8 8 -5.510 0 1 -1.182 1 2 0.1370 -0.171 0
1 -0.079 -4.949 1 7 4 -4.819 0 0 -7.424 0 2 -4.039 -0.172 0
0 -1.096 -4.998 2 4 4 -4.709 1 1 0.0738 0 2 15.295 -0.167 1
1 11.184 0.1620 1 4 4 4.7119 1 0 -7.424 0 2 -0.172 -0.169 1
1 -0.079 1.0589 2 8 4 -2.063 0 0 -7.424 1 2 -9.453 -0.172 0
1 -3.315 8.8735 2 4 4 -0.069 1 1 -1.182 1 2 0.1370 4.7073 0
0 -2.538 -2.498 1 1 1 -6.193 1 0 -7.424 1 2 -0.172 -0.162 0
0 0.6669 0.0014 2 11 8 -1.718 1 1 0.0738 0 2 -14.09 -0.172 1
1 0.9583 -2.955 2 8 4 -2.063 0 0 -7.424 0 3 -4.812 -0.172 0
1 2.1907 1.0589 2 3 4 7.5777 0 0 -7.424 0 2 2.1479 -0.166 0
1 -6.026 -5.213 2 4 4 -5.400 0 0 -7.424 0 2 7.5617 -0.169 0
1 -3.725 -4.504 2 11 4 6.5413 1 1 -1.182 1 2 26.123 -0.153 1
0 -0.604 2.2619 2 8 5 4.8218 1 1 14.442 1 2 -14.09 -0.162 1
1 -5.780 2.8618 2 8 4 -4.819 0 0 -7.424 0 2 -14.09 -0.172 0
1 -3.154 -4.864 2 8 4 -5.400 1 1 14.442 1 2 -6.668 -0.122 1
1 -1.057 0.1620 2 7 4 -0.689 0 1 -4.303 1 2 21.483 -0.162 0
1 5.6390 -2.846 2 3 5 -0.069 1 0 -7.424 0 2 29.217 -0.172 0
1 -1.466 -4.155 2 4 4 -4.819 1 0 -7.424 0 1 7.5617 -0.162 0
1 -0.076 -1.943 1 3 5 -0.069 0 0 -7.424 0 2 -14.09 0.8032 0
1 -5.658 6.4192 2 10 2 -6.193 1 0 -7.424 0 2 -14.09 -0.172 1
1 -0.079 0.1620 2 13 8 32.372 1 1 -4.303 1 2 0.1370 -0.153 1
0 -4.387 -2.798 2 11 8 -0.069 1 0 14.442 1 2 -3.265 -0.149 1
1 -5.449 -1.943 2 11 4 -5.746 1 0 1.9379 0 2 -6.359 -0.172 1
1 -1.922 -3.746 2 9 4 0.0011 0 1 -4.303 1 2 -6.359 2.7553 0
1 4.5311 -2.846 1 14 8 21.349 1 0 -7.424 1 2 -0.481 -0.162 0
1 12.171 0.1620 2 8 4 72.320 1 1 117.61 0 2 -14.09 -0.172 1
0 15.947 -5.358 2 1 1 -6.193 1 1 -4.303 0 2 3.8494 -0.171 1
0 -0.079 7.9706 1 14 8 -4.128 1 1 5.0796 0 2 -14.09 -0.169 1
0 -3.646 -2.546 1 3 5 6.1958 0 0 -7.424 0 2 1.3745 -0.168 0
0 18.618 1.6619 2 1 1 -6.193 0 0 -7.424 0 1 -14.09 -0.172 0
1 1.8993 -4.649 2 4 4 -2.063 0 0 -7.424 1 2 3.7720 -0.172 0
1 8.1828 8.8735 2 7 4 37.884 1 0 -7.424 0 1 -5.586 -0.172 1
1 -1.797 12.479 2 10 9 -6.193 1 0 0.0738 0 2 -14.09 -0.043 1
1 1.6960 -2.546 2 4 4 6.1958 1 1 14.442 0 2 -2.492 -0.160 1
1 8.7595 3.5588 2 3 5 14.698 1 1 39.450 1 2 -14.09 -0.123 1
1 -0.079 1.0589 2 8 4 -4.709 1 0 -7.424 0 2 -14.09 -0.169 0
1 -1.221 10.073 2 2 8 -4.819 0 0 -7.424 0 2 3.5400 -0.172 0
0 -7.298 -4.949 2 3 4 -5.746 0 1 11.321 1 2 4.4681 -0.172 0
1 -7.753 -5.358 2 6 4 -3.445 0 1 -1.182 1 2 10.655 0.8032 0
1 13.974 11.876 2 1 1 43.388 1 1 39.450 1 2 -14.09 -0.162 1
1 -1.837 -3.146 2 4 8 5.2772 1 1 -1.182 1 2 -0.094 -0.172 1
1 4.8164 0.1620 2 3 5 -0.069 0 0 -7.424 0 2 2.6119 -0.172 1
1 -3.770 5.2677 2 6 4 -5.510 0 0 -7.424 1 2 -14.09 -0.172 0
1 -3.561 10.470 1 6 4 -6.083 0 0 -7.424 1 2 -4.812 -0.168 0
1 1.4895 12.479 2 12 7 8.6062 1 1 20.704 1 2 -14.09 -0.171 1
1 -0.079 -4.049 2 9 4 -2.990 0 0 -7.424 0 2 -4.812 -0.172 0
0 4.4856 6.4676 2 11 8 -1.372 1 0 -7.424 0 2 -11.85 -0.164 1
1 -5.573 -3.352 2 8 4 0.0011 1 1 -4.303 0 2 -6.359 -0.171 1
1 2.8464 -4.204 1 2 4 -2.063 0 0 -7.424 1 2 19.240 -0.172 1
1 8.2678 -0.443 2 7 4 -5.856 1 0 -7.424 1 2 3.3080 -0.172 1
1 -4.302 -4.649 2 7 4 -4.819 0 0 -7.424 0 2 10.655 -0.172 0
1 1.6140 0.1620 2 8 8 16.638 0 0 -7.424 1 2 -14.09 -0.172 0
1 -7.595 -2.246 2 6 4 -0.069 1 1 -4.303 0 2 -7.906 -0.172 0
1 -4.466 7.0706 2 8 8 -2.519 1 0 -7.424 0 2 -6.359 -0.172 1
0 -4.918 8.5705 2 8 4 -5.510 0 0 -7.424 1 2 -0.172 -0.172 0
0 -3.276 -2.498 1 6 4 -5.510 1 0 -7.424 1 2 14.522 -0.172 1
1 2.2697 -3.004 1 9 4 -5.965 1 0 -4.303 0 2 -10.22 -0.161 1
0 -0.079 -1.043 2 8 4 -5.510 0 1 -4.303 1 2 -10.99 -0.171 0
1 -4.711 0.1620 2 8 4 2.9925 0 1 0.0738 1 2 -0.172 -0.162 0
1 1.2042 -3.701 2 13 4 -0.069 1 1 -4.303 1 2 26.123 0.3152 1
1 1.6140 -2.546 2 3 4 -3.445 1 0 -7.424 0 2 2.1479 -0.162 0
1 -0.079 -1.201 2 6 4 -5.510 0 0 -7.424 1 2 -6.359 -0.172 0
0 -6.190 0.9498 2 3 8 -5.400 0 0 -7.424 0 2 -7.906 -0.168 0
1 -4.177 -4.349 2 8 4 -3.901 1 0 -7.424 0 1 0.1370 -0.172 1
1 -7.507 -5.407 2 8 4 -5.746 0 0 -7.424 0 2 -3.884 -0.172 0
0 -5.746 -5.407 2 11 4 -3.445 0 1 -4.303 0 2 4.4681 -0.165 1
1 -4.632 7.6706 2 8 4 -0.689 1 1 -4.303 0 2 0.1370 -0.170 1
1 1.1192 0.5559 1 3 5 -3.210 0 0 -7.424 1 2 23.029 -0.172 0
0 12.496 -5.155 2 3 5 -0.069 1 0 -7.424 1 2 5.3962 -0.151 0
1 -7.628 -4.552 2 7 4 -5.965 1 0 -7.424 0 1 1.3745 -0.172 0
1 0.5425 -2.546 2 13 8 1.3751 1 1 11.321 0 2 -1.719 -0.152 1
1 8.1433 24.593 2 9 4 -1.372 1 1 1.9379 0 2 -4.812 -0.172 1
1 1.2042 -2.246 2 3 5 0.6920 0 0 -7.424 1 2 3.8494 -0.170 0
1 -6.609 -4.098 1 10 2 -6.193 0 0 0.0738 0 2 -6.359 -0.172 0
1 6.1733 -4.949 2 7 4 23.414 1 0 -7.424 0 1 0.1370 -0.172 0
1 3.5446 -3.446 2 4 4 -0.069 0 0 -7.424 1 2 9.1086 -0.162 0
1 -0.073 -4.649 1 6 4 3.4478 0 0 -7.424 1 2 10.655 -0.172 0
1 -3.276 -3.495 2 8 4 -1.608 1 1 -4.303 1 2 16.455 -0.172 1
1 16.609 7.6706 2 10 4 48.899 1 1 14.442 1 2 -12.39 -0.172 1
1 4.7345 -5.549 2 8 5 35.128 1 0 -7.424 0 2 -14.09 -0.172 1
1 -0.234 -4.204 2 8 1 -6.193 0 1 -4.303 0 2 -6.668 -0.172 0
0 2.4761 0.1105 2 1 1 -6.193 0 0 -7.424 0 2 -1.719 -0.172 0
1 0.2966 3.4648 2 10 5 -1.828 1 0 -7.424 1 2 18.389 -0.172 0
0 0.0963 -1.801 2 1 1 2.1759 0 1 -1.182 1 2 0.1370 3.7312 0
1 -3.400 -2.246 2 8 4 0.0011 1 1 11.321 0 2 0.1370 -0.166 1
1 -4.833 -4.901 1 14 4 -0.069 1 1 -4.303 1 2 50.872 -0.172 1
1 1.2437 -1.943 2 13 8 14.227 1 0 -7.424 1 2 -14.09 -0.172 1
1 9.9100 0.1620 1 1 1 -2.063 0 0 -7.424 0 2 -0.172 3.7312 0
0 -0.079 -3.746 2 1 1 -6.193 0 1 -1.182 1 2 1.3745 -0.171 0
1 3.2987 -4.710 2 8 4 -5.165 0 1 -1.182 0 2 3.3080 -0.167 0
1 3.6690 -3.495 2 14 4 -5.856 1 0 8.2004 1 2 23.029 -0.172 1
1 -6.681 -2.595 2 8 7 -3.555 0 1 -1.182 1 2 0.1370 -0.167 0
1 -0.079 0.4590 2 13 4 3.4478 1 1 23.825 1 2 -14.09 -0.172 1
1 -5.780 0.1620 2 8 4 -0.689 0 0 0.0738 1 2 -3.575 -0.172 0
1 0.5030 -2.749 2 2 8 9.6426 0 0 -7.424 1 2 8.4898 -0.172 0
1 -6.484 1.3104 2 8 4 -4.709 0 0 -7.424 0 2 -4.812 -0.172 0
0 -7.835 3.6072 2 11 4 -5.856 0 1 -4.303 1 2 -14.09 -0.171 0
1 3.7479 1.5044 2 13 4 -0.069 1 1 36.329 1 2 16.765 -0.172 1
0 -5.992 -4.758 2 9 4 -1.608 0 0 -7.424 0 2 2.9213 4.7073 0
1 -5.124 7.0706 2 8 4 2.0660 1 0 -7.424 1 2 -14.09 -0.172 1
0 -4.466 -4.649 2 8 4 -0.689 0 1 -1.182 1 2 1.3745 -0.168 0
1 -2.984 0.1620 2 8 8 0.1110 0 1 -4.303 1 2 18.080 -0.172 0
1 -5.249 0.1620 2 10 8 -2.754 0 0 -7.424 0 2 6.0149 -0.172 0
0 8.5136 -3.746 2 5 3 -6.193 1 0 -7.424 1 2 -6.359 -0.172 0
1 -5.449 0.8074 2 11 4 -5.165 1 1 -4.303 0 2 -1.719 -0.172 0
0 -5.944 -5.298 2 11 8 -0.069 1 1 26.946 0 2 -7.906 -0.171 1
1 -0.079 -5.249 2 2 8 -4.364 1 0 -7.424 1 2 -14.09 -0.172 1
1 -2.414 -4.901 2 4 1 -6.193 1 0 -7.424 0 2 -6.359 -0.172 0
0 3.3776 0.4590 2 13 4 30.990 1 0 -7.424 0 2 0.1370 -0.172 0
0 9.0479 9.5220 2 6 4 0.1110 1 1 1.9379 1 2 -2.028 -0.172 1
0 -7.874 0.1620 2 8 4 -3.445 1 0 -7.424 0 2 -4.812 -0.172 0
0 -3.561 9.7735 2 8 5 6.8868 1 1 -1.182 0 2 -8.447 -0.162 1
1 -5.288 0.2075 1 9 4 -0.069 1 1 -4.303 1 2 -7.906 -0.169 1
1 -4.754 7.6706 2 13 4 -4.364 1 0 -7.424 0 2 -6.359 -0.172 1
1 11.263 5.7586 2 1 4 33.511 1 1 0.0738 1 2 -11.77 -0.162 1
1 -6.733 1.0589 2 4 4 -4.819 1 0 -7.424 0 2 0.1370 -0.162 1
1 2.4366 -0.250 1 4 4 -0.069 1 1 23.825 0 2 10.655 -0.172 1
1 3.1742 0.1620 2 14 4 0.6920 1 1 11.321 0 2 26.123 -0.170 1
1 -4.878 0.1620 2 4 4 -5.965 0 0 -7.424 1 2 13.439 -0.172 0
1 9.9525 2.2619 2 3 5 2.3015 0 0 -7.424 1 2 0.1370 -0.172 0
1 -4.711 -2.846 2 3 4 -5.856 0 0 -7.424 0 2 -1.719 -0.172 0
1 10.201 -3.746 2 2 4 4.1309 0 0 -7.424 1 2 0.1370 -0.162 0
0 14.390 0.4590 2 6 4 4.8218 1 1 5.0796 0 2 -14.09 -0.171 1
1 -5.698 1.2044 2 9 4 -0.069 1 0 -7.424 0 2 -4.812 -0.172 1
1 -4.177 -0.743 2 8 5 -5.510 1 0 -7.424 1 2 -1.719 -0.172 1
1 2.1907 -5.046 1 9 4 -5.400 0 0 -7.424 1 2 9.8046 1.7792 0
0 5.1868 -3.446 1 8 4 -6.193 1 0 -7.424 0 2 -2.492 0.8032 0
1 -4.016 -4.552 2 3 8 -5.965 0 0 -7.424 1 2 2.9213 4.7073 0
0 2.1058 -4.349 2 8 4 -0.689 1 1 26.946 0 2 -14.09 -0.168 1
1 -0.079 0.4590 2 1 1 -6.193 0 1 -1.182 0 2 -12.77 0.8032 0
0 -6.363 -0.250 2 8 8 2.0660 1 0 -7.424 0 2 4.4681 -0.172 1
1 -2.207 -4.807 2 6 4 -4.945 1 0 -7.424 1 2 1.3745 -0.172 0
1 0.3421 -1.943 2 2 4 -5.746 0 0 -7.424 1 2 -4.812 -0.172 0
1 -6.065 -3.746 1 13 4 -0.689 1 0 -7.424 1 2 -6.359 -0.172 0
0 -4.508 7.3706 2 8 4 -5.055 1 1 0.0738 1 2 -14.09 -0.167 1
1 4.0393 1.9134 2 11 4 -6.083 1 1 -4.303 0 2 1.3745 -0.169 1
1 -0.079 -5.358 2 8 4 0.0011 0 0 -7.424 1 1 0.1370 -0.172 1
0 -4.095 -4.601 1 11 4 -2.063 1 1 -1.182 1 2 -7.906 -0.162 1
0 -0.850 0.1620 2 10 2 0.0011 1 1 8.2004 1 2 -6.436 -0.167 1
0 4.2397 3.5103 1 8 8 15.845 1 1 36.329 0 2 -14.09 -0.150 1
0 2.4761 0.6014 2 10 4 7.5777 1 0 -7.424 1 2 -14.09 -0.133 1
1 -0.359 -3.049 2 8 4 -5.965 0 0 -7.424 0 2 9.1086 -0.172 0
0 -3.233 0.1620 2 14 8 -0.069 1 0 -7.424 0 2 13.749 -0.172 1
1 -2.122 9.4735 2 6 5 -5.510 0 0 0.0738 1 2 41.591 -0.172 0
1 -0.076 -0.743 2 14 4 7.5777 1 1 1.9379 1 2 8.3352 -0.150 1
1 1.1587 2.2619 2 6 4 -0.069 1 0 -7.424 1 2 20.168 -0.172 0
1 -4.754 -2.749 2 4 4 -4.128 0 0 -7.424 0 2 -0.172 -0.172 0
1 -0.079 -1.849 2 8 4 0.6920 0 0 -1.182 1 2 -1.719 -0.162 0
1 -0.076 -4.949 2 8 5 -3.901 1 0 -7.424 0 1 10.655 -0.172 0
1 -7.753 -1.801 2 9 4 -5.965 0 1 -4.303 0 2 -14.09 -0.172 0
1 -0.079 -3.555 2 13 8 7.8132 1 1 20.704 0 2 16.765 -0.164 1
1 -3.233 -1.943 2 8 4 -2.754 0 0 0.0738 0 2 -14.09 -0.172 0
1 17.756 1.0589 2 10 9 29.616 1 1 -4.303 1 2 -14.09 -0.172 1
0 -6.363 5.8677 2 9 4 -1.718 1 1 11.321 1 2 -10.99 -0.166 1
1 -2.207 -5.213 2 7 8 -5.856 0 1 -4.303 1 2 6.9430 -0.171 0
0 -5.992 -4.758 1 8 4 -3.445 0 1 -4.303 0 2 140.58 1.7792 0
1 -0.079 -3.652 2 2 4 -0.069 0 0 -7.424 1 1 -14.09 -0.172 0
0 9.1298 -4.552 2 6 4 -4.819 0 0 -7.424 1 2 4.4681 -0.162 0
1 -0.319 -3.746 1 9 4 -6.083 0 0 0.0738 0 1 -1.719 -0.172 0
1 -0.079 12.479 2 8 4 17.219 1 1 20.704 0 2 -14.09 -0.172 1
0 2.3911 -5.213 2 1 1 -6.193 0 1 23.825 0 2 1.3745 -0.172 0
1 -0.079 -2.246 2 7 4 -0.069 1 1 11.321 0 2 1.6838 -0.172 1
0 -5.370 -1.943 2 6 4 -6.083 1 0 -7.424 0 2 -6.359 -0.172 1
1 2.1907 16.227 2 9 4 -5.965 0 0 -7.424 0 2 10.655 -0.138 0
1 9.3757 -4.852 2 1 1 -6.193 0 0 -7.424 0 2 -2.879 -0.172 0
1 -4.016 -4.552 2 11 4 -5.055 0 0 -4.303 1 2 1.3745 -0.172 0
1 1.6960 -0.140 2 14 8 9.6426 0 0 -7.424 1 1 0.1370 -0.172 1
0 13.157 19.691 2 3 4 21.349 1 1 33.208 0 2 -14.09 -0.107 1
1 -1.712 -4.504 2 7 4 -3.555 1 0 1.9379 1 2 16.533 -0.172 1
1 -0.076 -4.807 2 4 4 -5.510 0 0 -7.424 0 2 15.295 -0.153 0
0 0.0113 -1.943 1 5 3 -6.193 0 0 -7.424 0 2 -1.719 -0.172 0
1 -6.065 2.2619 2 9 8 -2.173 1 1 14.442 0 2 -7.906 -0.143 1
1 3.6235 1.6619 2 7 4 -2.644 1 1 8.2004 1 2 -5.740 -0.162 1
1 -7.225 -1.595 2 3 4 -5.275 0 0 -7.424 1 2 -3.265 1.7792 0
1 6.4586 2.8618 1 8 4 -0.069 0 0 -7.424 0 2 -1.719 1.7792 0
1 -7.628 -5.549 1 6 4 -0.069 0 0 -7.424 0 2 -9.453 -0.172 0
0 4.6556 2.2619 2 11 4 -4.819 1 1 1.9379 1 2 -2.879 -0.172 1
1 -0.079 12.479 2 8 8 8.4963 1 1 26.946 0 2 -14.09 -0.150 1
0 -2.738 -3.146 2 5 3 -0.069 0 0 -7.424 1 2 0.1370 0.8032 0
1 -0.079 -1.549 2 9 4 4.8218 1 1 36.329 0 2 15.527 -0.159 1
1 -3.233 1.6619 2 8 4 -0.069 1 1 1.9379 0 2 0.1370 -0.172 1
0 -1.752 0.1620 2 11 4 -4.584 1 1 0.0738 0 2 -7.906 -0.172 1
1 20.552 15.782 2 1 1 -0.069 1 0 -7.424 1 2 -14.09 -0.172 1
1 -4.547 8.2705 1 7 4 -0.069 0 0 -7.424 1 2 -14.09 -0.133 0
0 -2.247 -4.049 2 1 1 -6.193 0 1 -4.303 0 2 -6.978 -0.169 0
0 -6.190 4.7617 2 13 8 -4.128 1 1 14.442 0 2 -6.668 -0.172 1
0 -3.030 -5.549 2 8 4 -6.193 0 0 -7.424 0 3 0.1370 -0.172 1
1 -0.079 -5.504 2 2 4 5.5128 0 0 -7.424 1 2 21.483 -0.172 0
0 -4.547 4.6647 2 11 4 -1.372 1 1 23.825 0 2 -7.906 -0.163 0
0 -4.341 -4.049 2 11 4 -5.510 0 0 -7.424 1 2 -4.812 -0.164 0
1 -4.177 9.6159 2 8 4 -5.856 1 1 -1.182 0 2 -14.09 -0.118 0
0 -1.096 -4.252 1 14 4 -3.445 0 0 -7.424 0 2 7.5617 -0.172 0
0 0.1357 1.6619 2 2 4 -2.754 0 0 -7.424 0 2 6.9430 -0.172 0
1 -2.329 -3.746 1 9 4 -5.165 1 0 -7.424 1 2 6.0149 -0.162 1
1 -6.117 7.5615 2 8 5 -4.584 1 1 0.0738 0 2 1.3745 -0.172 0
1 -0.079 -2.655 2 9 4 -5.856 0 1 -1.182 0 2 2.9213 0.8032 0
1 -0.079 -5.549 2 11 4 -4.364 0 0 0.0738 0 2 -1.719 -0.162 0
0 -1.466 -1.043 2 8 4 -3.210 1 1 -4.303 1 2 14.599 -0.162 1
1 1.3287 0.1620 2 3 4 2.7569 1 1 -1.182 0 2 7.0977 -0.162 1
0 0.7519 -1.943 1 6 4 -0.689 0 0 -7.424 0 2 0.1370 -0.172 0
1 10.939 6.0101 2 10 4 17.674 1 1 0.0738 0 2 -14.09 -0.172 1
1 -0.079 -4.349 2 6 4 -0.069 0 0 -7.424 0 2 1.3745 -0.172 0
1 0.3421 -2.955 1 4 1 -6.193 0 0 -7.424 0 2 -4.812 -0.172 0
0 -5.249 0.4590 1 1 1 -6.193 0 0 -7.424 0 2 0.1370 -0.172 0
0 -0.079 13.679 2 5 4 -6.193 1 1 39.450 0 2 -14.09 -0.170 1
1 0.2571 -5.358 1 8 8 2.7569 1 1 -4.303 0 2 19.317 -0.094 1
0 -0.079 0.1620 2 8 8 10.333 1 0 -7.424 0 2 12.202 -0.162 1
0 -0.729 0.1620 2 4 4 8.9517 0 0 -7.424 1 1 -6.359 -0.172 0
0 -3.521 -4.746 2 6 8 -1.372 1 0 -7.424 0 2 0.1370 -0.172 0
1 -4.217 7.8130 2 14 8 -0.069 1 1 -4.303 0 2 -6.359 -0.172 1
0 -0.076 7.9706 2 1 1 -6.193 0 0 -7.424 0 2 0.1370 -0.121 0
0 0.2966 -4.901 2 13 4 -6.083 1 0 0.0738 0 2 19.936 -0.063 1
1 -3.849 -3.746 2 8 8 -1.035 1 1 11.321 0 2 1.3745 -0.169 1
1 -0.079 -5.407 1 8 4 -2.063 0 0 -7.424 1 2 3.8494 -0.162 1
1 -0.935 -4.049 1 4 4 -5.510 0 0 -7.424 0 2 3.2307 -0.172 0
0 -3.770 -4.949 2 11 8 -2.754 1 1 -4.303 0 2 0.1370 -0.166 1
1 -0.079 -5.249 1 8 8 -5.510 0 0 -7.424 0 2 7.5617 -0.170 0
1 -0.152 13.079 2 8 4 -4.819 1 0 -7.424 0 2 0.1370 -0.172 0
1 -4.387 -1.943 2 7 4 -0.069 1 1 -4.303 0 2 6.0149 -0.162 1
1 -0.079 -3.446 1 8 5 -5.510 1 0 0.0738 1 2 -1.409 -0.168 0
0 -3.400 0.1620 2 8 4 -3.445 0 0 -7.424 1 2 13.749 -0.172 0
1 2.2697 -0.995 2 9 4 -2.990 1 0 -7.424 1 2 1.3745 -0.162 0
1 7.6516 -4.649 2 11 8 1.3751 1 1 -4.303 0 2 11.660 -0.164 1
1 0.1752 -0.743 1 13 4 -2.063 0 0 -7.424 1 2 -4.812 -0.172 0
1 -0.565 0.1620 2 8 8 -5.965 0 1 30.087 1 2 -4.116 2.7553 0
1 -1.922 0.1620 2 9 4 4.1309 1 1 8.2004 1 2 -6.359 2.7553 1
1 -0.079 13.079 2 10 9 -6.193 1 1 55.096 0 2 -2.337 -0.171 0
1 -0.079 -4.649 2 8 4 -0.069 1 1 8.2004 1 2 13.130 -0.165 1
1 -3.521 0.1620 2 9 4 -0.069 1 0 -7.424 1 2 0.1370 -0.172 0
1 0.4636 1.0589 2 11 8 8.9517 1 1 30.087 1 2 17.461 -0.162 1
1 -0.079 -4.949 2 8 4 -1.372 1 1 26.946 0 2 0.1370 -0.167 1
1 -4.672 -4.998 2 4 4 -5.856 0 0 -7.424 1 2 7.5617 -0.172 0
1 4.9409 -4.398 2 14 4 0.6920 1 0 -7.424 0 2 25.350 -0.166 1
1 2.4366 0.1620 2 3 4 -5.510 0 0 -7.424 1 2 2.9986 -0.172 0
1 -2.905 9.8704 2 8 4 -4.819 0 0 0.0738 0 2 -14.09 1.7792 0
1 -0.890 -3.352 2 8 8 5.7483 1 0 -7.424 0 2 6.0149 -0.170 1
1 -5.746 -5.249 2 11 4 -5.856 0 0 -7.424 0 2 1.3745 -0.172 0
1 -5.944 -5.107 2 11 4 -0.689 1 1 -1.182 1 2 -7.906 -0.172 1
1 9.7066 0.1620 2 14 4 -6.083 1 0 -7.424 0 2 0.1370 -0.143 1
1 15.291 2.8618 2 10 9 -6.193 0 0 -7.424 0 2 -14.09 -0.172 0
1 4.3641 -1.595 2 7 4 3.4478 0 0 -7.424 1 1 16.842 -0.162 0
0 -7.595 0.1620 2 6 4 -5.856 0 0 -7.424 0 2 1.3745 0.8032 0
1 -1.096 -4.864 2 9 4 -5.400 0 1 0.0738 0 2 12.202 -0.145 0
1 1.1192 -0.140 2 6 4 -3.445 1 0 0.0738 1 2 4.4681 -0.172 0
1 19.644 -5.549 2 8 4 -0.069 1 0 -7.424 0 3 0.1370 -0.172 1
1 5.0623 -5.310 2 3 4 7.9232 1 0 -7.424 0 2 16.842 -0.172 1
0 -4.547 7.6706 1 11 4 2.0660 1 0 -7.424 1 2 6.6337 -0.172 0
1 -3.600 -3.146 2 10 2 -5.746 0 1 -1.182 0 2 10.655 -0.160 0
1 6.2127 -4.949 2 3 8 7.5777 1 0 -7.424 1 2 10.655 -0.162 1
0 -0.079 8.5705 2 8 4 -4.819 1 1 -1.182 1 2 9.1086 -0.167 1
1 1.3287 -3.952 2 3 5 -5.856 1 0 -7.424 1 2 19.936 -0.128 0
1 -4.262 8.2705 2 3 4 3.4478 1 1 20.704 0 2 -9.762 -0.165 1
1 -2.863 -4.504 2 4 4 -0.069 0 1 -1.182 1 2 0.1370 2.7553 0
1 -6.979 5.2677 2 6 4 -2.409 1 0 -7.424 1 2 -14.09 -0.172 1
1 -5.573 -4.252 2 11 4 -2.063 0 0 -7.424 0 2 -5.740 -0.172 0
1 -0.028 0.1620 2 2 4 2.0660 1 1 20.704 0 2 5.2415 -0.165 1
1 12.742 -3.146 2 1 1 11.707 0 1 -4.303 0 2 -14.09 -0.172 0
1 -0.079 0.1620 2 11 4 -5.856 1 0 -7.424 1 2 6.0149 -0.172 1
0 16.484 11.276 2 1 1 -0.069 1 1 0.0738 1 2 -14.09 -0.159 1
1 -0.079 0.1620 1 3 5 -4.819 1 1 23.825 1 2 -3.884 -0.172 0
1 8.3072 2.2619 2 11 8 10.333 1 0 -7.424 1 2 12.975 -0.172 1
0 -4.016 8.2705 2 4 8 2.0660 0 0 -7.424 1 2 -12.54 -0.172 0
1 -5.698 5.5677 2 8 4 -1.608 1 1 1.9379 1 2 -10.99 -0.172 1
1 8.1038 3.6072 2 9 8 36.502 1 1 30.087 0 2 -14.09 -0.165 1
1 -4.177 -3.746 2 11 4 -0.069 1 1 1.9379 0 2 -14.09 -0.167 1
1 0.2571 11.276 1 1 1 -6.193 0 1 -1.182 0 2 -1.719 0.8032 0
1 0.9128 -5.155 2 13 4 -5.965 0 0 -7.424 0 2 -0.172 -0.172 0
1 -0.079 -4.998 1 8 4 1.0374 1 1 11.321 1 2 1.9932 -0.169 0
1 -7.298 -5.155 1 4 4 -0.069 0 0 -7.424 0 1 1.3745 -0.172 0
0 -5.370 4.6647 2 8 4 -5.746 0 0 -7.424 0 2 -14.09 -0.169 0
0 14.223 14.282 2 11 4 24.105 1 0 -7.424 0 2 -12.46 -0.069 1
1 -0.076 0.4590 1 6 4 17.219 1 0 -7.424 0 2 0.1370 -0.172 0
0 -0.079 9.2674 2 13 8 -0.069 1 0 11.321 0 2 16.842 -0.168 1
1 -0.079 6.1677 2 8 4 -5.510 1 0 -7.424 0 2 -3.265 -0.172 0
1 -5.573 -5.549 2 8 4 -6.193 0 0 -7.424 0 3 0.1370 -0.172 0
0 -3.194 10.676 2 8 4 -0.689 0 1 -4.303 1 2 0.1370 -0.162 0
1 5.4721 0.0014 2 11 4 6.4235 1 0 -7.424 0 1 -14.09 -0.172 1
1 -2.492 0.1620 1 8 4 -0.069 1 1 8.2004 0 2 -1.719 -0.116 1
1 12.866 2.9103 2 8 4 32.372 1 1 11.321 1 2 13.749 -0.162 1
1 11.925 8.2705 2 1 1 7.5777 1 1 8.2004 0 2 -14.09 -0.086 1
1 9.6641 6.4676 2 3 5 -6.193 1 1 26.946 0 2 -14.09 -0.160 1
1 3.9938 -4.949 2 7 4 -5.510 1 0 0.0738 0 1 8.1805 -0.172 0
1 -2.043 -3.098 1 6 4 -0.689 1 0 1.9379 1 2 14.522 -0.167 1
1 -0.768 2.2619 2 8 4 2.4114 1 1 17.583 0 2 11.428 -0.161 1
1 9.9100 -3.098 1 1 1 -2.063 0 0 -7.424 0 2 -4.812 0.8032 0
0 -3.315 7.6706 1 6 4 -0.069 1 0 -7.424 0 2 -4.812 -0.172 0
1 -1.014 -4.649 1 8 4 -6.083 0 0 0.0738 0 2 4.4681 -0.172 0
0 0.9583 -5.107 2 13 4 -0.069 0 0 -7.424 0 2 9.1086 -0.172 1
1 -2.945 -4.649 2 8 5 -5.510 1 0 -7.424 0 2 12.898 -0.172 1
0 -1.506 -4.301 2 8 4 0.6920 1 1 8.2004 1 2 9.1086 -0.158 1
0 -0.079 -5.107 2 13 1 -0.069 0 0 0.0738 1 1 9.1086 -0.172 1
1 -5.573 2.8618 2 8 4 -1.718 1 1 1.9379 0 2 1.3745 -0.159 1
1 -7.012 20.890 3 8 7 -6.193 0 0 -7.424 1 3 20.709 -0.162 1
1 -6.733 2.5619 1 7 4 -6.083 1 0 0.0738 0 2 -3.265 -0.172 0
1 7.8580 -2.546 2 8 5 -0.069 1 1 30.087 1 2 17.616 -0.148 1
1 12.663 4.6647 2 10 8 13.089 1 1 1.9379 0 2 -14.09 -0.172 1
1 -0.079 -0.743 1 9 4 -1.372 1 1 -1.182 1 2 -4.812 -0.162 1
1 -6.117 5.8677 2 11 4 -3.445 1 0 -7.424 1 2 -9.453 -0.168 1
0 -0.079 8.4645 2 4 8 -5.965 0 0 -7.424 0 2 10.655 4.7073 0
1 -6.979 6.4676 2 9 8 -5.746 0 1 -4.303 0 2 -4.812 0.8032 0
1 1.5290 -2.546 2 8 4 2.0660 0 0 0.0738 0 1 1.3745 -0.172 0
1 -1.260 -1.343 2 9 4 3.4478 1 0 1.9379 1 2 11.351 -0.172 0
1 -5.082 -4.649 1 12 7 -4.128 0 0 -7.424 1 2 -3.884 1.7792 0
1 -6.681 6.7676 2 8 8 -3.210 1 0 -7.424 0 2 10.655 -0.172 0
1 -1.837 -1.943 2 9 4 -4.128 0 0 -7.424 1 2 9.1086 -0.172 0
0 6.9504 0.1620 2 11 4 -0.069 1 1 14.442 1 2 -14.09 -0.172 1
1 -4.426 8.2705 2 8 4 -5.055 0 0 -7.424 0 2 -14.09 -0.172 0
0 -0.076 0.1620 2 2 4 2.0660 1 0 0.0738 1 2 9.1086 -0.172 0
1 -5.573 3.4648 2 4 4 -2.063 1 1 -4.303 0 2 -1.719 -0.170 1
1 -5.164 0.1620 2 8 5 -4.819 1 1 0.0738 0 1 -7.906 -0.172 1
1 -2.492 -0.443 2 13 4 5.6227 1 1 -4.303 1 2 -4.812 -0.162 1
0 -2.168 -3.555 2 1 1 -6.193 0 0 -7.424 0 2 12.202 0.8032 0
1 5.1018 -4.301 2 9 4 7.5777 1 1 11.321 1 2 24.576 -0.075 1
0 -0.079 6.4676 2 9 4 -3.445 0 1 -4.303 0 2 -4.812 0.8032 0
0 -1.591 -4.349 2 11 4 -3.445 1 1 -1.182 1 2 -1.177 -0.167 0
0 -5.042 1.6619 2 6 4 0.6920 1 1 1.9379 0 2 -7.906 -0.163 1
1 -4.878 0.1620 2 14 4 -5.400 1 1 11.321 0 2 0.1370 -0.172 1
1 -4.833 0.1620 2 8 4 -5.856 0 0 -7.424 0 2 0.1370 -0.172 0
1 0.4636 5.2677 1 9 4 8.2686 1 0 -7.424 1 2 0.1370 -0.172 1
0 6.7045 -4.349 2 11 4 -5.856 0 0 0.0738 1 2 6.2470 -0.172 0
0 -4.016 -4.852 1 1 1 -5.856 0 0 0.0738 0 2 -4.812 -0.171 0
1 -6.806 -4.901 2 8 4 -0.069 0 1 -4.303 1 2 -7.906 4.7073 0
1 0.6275 -2.546 1 9 4 13.089 0 0 -7.424 1 2 7.5617 -0.172 0
1 -0.079 -5.155 2 8 4 -4.128 0 0 -7.424 0 1 -1.719 -0.162 0
1 1.4501 -4.252 2 7 4 -2.990 0 0 -7.424 0 1 -11.92 -0.172 0
1 -1.014 -3.855 2 8 8 -0.069 1 0 -4.303 0 2 4.4681 -0.171 1
1 0.0507 -2.546 2 6 4 14.463 1 0 -7.424 1 2 26.355 -0.172 0
1 -5.449 -3.352 2 11 4 -0.454 1 1 8.2004 0 2 2.9213 -0.148 1
1 0.9978 -2.246 2 3 4 -6.193 0 0 -7.424 0 2 0.1370 -0.172 0
1 -4.754 -4.552 2 8 8 -0.234 0 0 -7.424 1 2 -4.193 -0.172 1
0 1.8204 8.8735 2 11 8 32.372 1 1 17.583 0 2 -14.09 -0.108 1
1 0.0963 -0.189 2 13 8 10.443 1 1 1.9379 0 2 9.9593 -0.169 1
1 -4.466 -4.601 2 3 4 -5.965 0 0 0.0738 0 2 -2.956 -0.172 0
1 -2.492 0.1620 2 3 5 -6.193 0 0 -7.424 1 2 -0.326 -0.172 0
1 6.0488 -3.146 2 7 4 -1.372 1 1 -1.182 0 2 -14.09 -0.172 1
1 -0.079 -4.252 1 8 4 -6.083 0 0 -7.424 0 2 -0.945 -0.170 0
1 2.9678 2.8618 2 11 8 25.486 1 1 14.442 1 2 9.1086 4.7073 0
1 -7.225 -5.455 1 8 4 -6.083 0 0 -7.424 0 2 -3.265 -0.165 0
1 8.5986 -2.798 2 8 1 -0.069 0 0 -7.424 0 2 1.3745 -0.162 0
1 -4.341 -5.346 2 7 4 -5.965 0 0 -7.424 0 1 -14.09 -0.172 0
1 1.5290 -4.049 1 8 8 -4.819 1 0 -7.424 0 2 -1.719 -0.172 0
1 6.1733 0.1620 1 8 4 -2.063 1 0 -7.424 0 1 -14.09 -0.172 0
1 13.689 -2.246 2 9 4 -1.372 1 1 8.2004 1 2 -9.453 -0.172 1
1 -3.069 -5.107 2 7 4 -5.510 1 1 0.0738 0 2 6.0149 -0.025 1
0 4.8559 -4.301 2 6 4 -4.364 1 0 -7.424 0 2 4.4681 -0.170 0
1 8.7990 17.285 2 1 1 -6.193 1 1 -4.303 0 2 -6.823 -0.172 0
0 1.0798 -3.652 1 1 1 -6.193 1 0 -7.424 0 2 10.655 -0.172 0
1 -6.190 -0.743 1 3 4 -3.445 0 0 -7.424 1 2 13.749 -0.162 0
0 -3.561 -2.655 1 8 4 -6.193 0 0 -7.424 0 2 -4.812 -0.172 0
1 -4.138 -3.746 2 8 8 -2.299 1 0 -7.424 0 2 18.544 -0.170 1
1 18.457 5.2677 2 1 1 4.8218 0 1 -4.303 0 2 -8.679 -0.172 0
1 -0.079 -5.213 2 8 5 35.128 1 1 55.096 0 2 -14.09 -0.026 1
0 0.7519 -2.546 2 8 4 0.6920 0 0 -7.424 1 2 -14.09 1.7792 0
1 5.6785 0.1620 2 11 8 10.333 1 1 26.946 0 2 -7.906 -0.172 1
1 -0.079 -4.807 1 8 4 -5.856 1 0 -7.424 0 2 -0.172 0.8032 0
1 1.4895 -2.546 2 13 5 -4.819 0 0 -7.424 0 2 12.820 -0.172 0
1 12.250 0.1620 2 2 5 35.128 1 1 45.712 1 2 -14.09 -0.172 1
0 6.1338 2.4528 2 11 4 14.117 1 0 1.9379 1 2 -14.09 -0.172 1
1 6.2127 -5.549 2 8 4 0.6920 1 0 -7.424 0 2 -14.09 -0.172 1
1 -0.079 -3.446 2 9 5 -5.510 1 0 -7.424 1 2 -1.487 -0.162 0
0 6.5436 -0.047 2 4 8 -3.445 0 0 -7.424 1 1 4.4681 -0.172 0
1 -0.565 -2.295 1 8 4 -5.856 0 0 -7.424 1 1 -7.906 -0.162 0
1 -2.001 -4.649 2 11 8 -5.746 0 0 -7.424 1 2 2.9213 -0.170 0
1 -6.065 3.1618 2 7 4 -6.083 1 1 -4.303 0 2 -6.359 0.8032 0
0 4.7345 -4.349 2 3 5 0.0011 1 0 -7.424 1 2 -14.09 -0.169 1
0 -0.079 -3.746 2 9 4 -0.069 0 0 -7.424 1 2 0.1370 -0.172 0
1 -0.028 -4.552 2 14 4 -2.519 1 1 17.583 1 2 9.3406 -0.140 1
0 -6.854 7.6706 2 14 4 -3.445 1 1 26.946 0 2 -14.09 -0.143 1
0 0.7125 -2.846 1 13 4 3.4478 0 0 -7.424 1 2 1.3745 -0.171 0
0 10.240 2.8618 2 8 8 2.0660 0 0 0.0738 0 2 -14.09 -0.172 0
0 -3.109 -4.204 2 11 4 -2.644 1 1 -1.182 0 2 1.3745 -0.172 0
1 4.3641 -3.746 2 3 5 -6.193 0 0 -7.424 0 1 9.1086 -0.172 0
1 -3.849 -4.852 2 8 8 -5.856 0 0 -7.424 0 2 4.4681 0.8032 0
1 11.965 9.4735 2 4 8 15.845 1 0 -7.424 1 2 -12.23 -0.152 1
0 -1.591 -1.898 2 14 8 0.8019 1 1 -4.303 0 2 -8.679 -0.172 1
1 0.1752 0.1620 2 7 4 0.6920 1 0 -7.424 1 2 13.749 -0.172 1
1 -5.203 -4.504 1 8 8 -5.510 1 0 0.0738 0 2 0.1370 -0.170 0
1 1.2042 0.1620 2 8 4 6.1958 1 1 30.087 0 2 -14.09 -0.170 1
1 5.6785 24.751 2 11 8 -5.620 1 1 -4.303 0 2 44.685 -0.171 0
0 3.2137 1.6619 2 4 4 -3.445 1 0 0.0738 1 2 -14.09 -0.172 1
1 2.8069 -3.098 2 9 4 -6.083 1 0 -7.424 0 2 16.842 -0.116 1
1 -0.935 -3.098 1 14 8 -6.083 0 0 0.0738 0 2 -4.193 0.8032 0
1 -0.079 -2.352 2 13 4 -5.746 0 0 0.0738 1 2 -14.09 -0.167 0
1 -0.195 17.888 2 8 4 13.089 1 1 42.591 0 2 -14.09 -0.123 1
1 2.1452 -2.498 2 1 1 -0.069 0 0 -7.424 0 2 0.1370 -0.162 0
1 -5.534 -2.655 2 8 4 -0.689 1 1 26.946 1 2 1.3745 -0.143 1
1 7.6121 1.4559 2 9 4 8.9517 0 0 -7.424 0 2 21.869 -0.162 0
1 -4.793 3.8587 1 3 5 -5.746 0 0 -7.424 1 2 0.1370 -0.172 0
1 -5.534 6.4676 1 8 4 0.6920 1 0 -7.424 0 1 -10.99 -0.172 1
1 1.5745 -2.546 2 9 4 -6.193 1 0 -7.424 1 2 4.3908 -0.170 1
1 -3.770 -4.504 2 7 4 -5.965 0 1 5.0796 0 2 5.5509 -0.162 0
1 2.7614 2.2619 2 7 8 5.5128 1 1 0.0738 1 2 -6.900 -0.172 1
0 -5.410 5.9040 2 3 4 -6.083 0 0 0.0738 0 2 1.3745 -0.162 0
1 2.4366 -1.643 2 11 8 18.593 1 0 -7.424 1 2 -6.204 -0.166 1
1 -4.508 6.5040 2 14 4 -6.083 1 1 20.704 0 2 -9.453 -0.168 1
0 -2.368 10.676 2 11 8 7.5777 1 1 -1.182 0 2 -14.09 -0.123 1
0 7.3662 -4.998 2 13 8 -5.055 1 1 26.946 1 2 19.936 -0.172 1
0 10.076 -5.549 1 1 1 -6.193 0 0 0.0738 0 2 -14.09 -0.172 0
1 3.6690 -2.546 1 8 8 -0.069 0 0 -7.424 1 1 1.3745 -0.172 0
1 3.6690 -3.604 2 8 4 -2.063 1 1 23.825 0 2 0.2917 -0.126 1
0 -2.001 -3.098 2 9 4 -5.510 0 0 -7.424 1 2 -0.172 -0.172 0
1 -6.190 5.8677 2 9 4 -2.063 1 0 -7.424 0 2 -4.812 -0.151 1
1 3.8299 -0.443 2 8 5 11.707 1 1 42.591 0 2 -5.044 -0.160 1
1 2.3122 -4.649 1 2 4 -4.584 1 0 -7.424 0 2 4.4681 2.7553 0
1 -0.079 -5.249 2 3 5 -6.193 1 0 -7.424 1 2 -14.09 -0.172 1
1 3.7904 -3.495 1 7 4 -5.746 1 0 -7.424 0 1 16.842 -0.172 0
1 5.0228 -5.046 2 8 8 -5.620 1 1 11.321 0 2 2.9213 -0.163 1
1 -0.079 3.4648 2 6 4 -2.299 1 1 -4.303 0 2 -7.906 -0.077 1
0 -5.746 -4.049 2 8 4 -6.193 0 0 -7.424 0 2 -14.09 -0.172 0
0 -2.043 -1.943 2 7 4 1.4850 0 1 -4.303 1 2 7.5617 -0.172 0
1 -5.003 -4.601 2 8 4 -4.364 0 0 0.0738 0 2 -1.719 -0.172 0
1 -1.712 0.6014 2 14 4 6.8868 1 1 -1.182 0 2 18.389 -0.172 1
1 -2.368 -2.846 2 8 5 -4.819 0 0 -7.424 0 2 35.404 -0.133 0
0 -6.560 5.5677 2 11 4 -2.864 1 1 5.0796 0 2 -9.453 -0.167 1
1 -4.177 1.5044 2 11 4 -0.069 1 1 0.0738 0 2 -4.812 -0.170 1
1 -4.016 -3.398 2 8 4 -4.709 0 0 -7.424 1 2 0.1370 0.8032 0
1 -1.673 0.4590 2 9 4 -0.069 1 0 -7.424 1 2 -8.679 -0.162 1
1 -2.984 -2.895 1 6 4 4.8218 1 0 -7.424 0 2 0.4464 -0.172 0
0 -0.079 -3.555 2 11 4 0.4564 1 0 -7.424 1 2 19.936 -0.162 0
1 -0.079 -1.752 1 8 4 -5.746 0 0 -7.424 0 2 -1.719 -0.162 0
1 -3.561 -4.301 1 1 1 -4.819 1 1 1.9379 0 2 -0.172 -0.171 0
1 -3.440 -4.901 2 8 4 -3.445 0 0 -7.424 1 2 -4.812 0.8032 0
1 0.1357 -3.446 1 10 8 -6.083 1 0 -7.424 1 2 16.301 -0.172 1
1 8.0614 0.1620 2 8 5 -3.445 0 0 -7.424 0 2 -6.359 1.7792 0
0 -1.630 -1.343 2 9 4 -3.901 1 0 -7.424 0 1 7.5617 -0.172 1
1 -3.109 -4.901 2 9 4 -5.746 0 1 -4.303 0 2 0.1370 -0.168 0
1 -6.484 6.8161 2 1 1 -5.055 0 0 -7.424 0 2 -7.906 -0.172 0
1 -4.957 -4.155 1 4 4 0.6920 1 1 -4.303 0 2 -0.172 -0.162 0
1 -3.521 -4.049 2 8 4 -5.510 0 0 -7.424 0 2 -5.586 -0.172 0
1 -7.595 -0.646 2 3 8 -5.055 0 0 -7.424 1 2 -4.812 -0.172 0
1 -2.453 -3.146 2 2 4 -4.128 0 0 -7.424 1 2 -7.906 -0.162 0
1 8.1038 0.1620 2 6 4 3.4478 1 0 -7.424 0 1 3.6947 -0.172 1
1 -4.056 -2.246 2 1 1 6.1958 0 0 -7.424 0 2 0.1370 -0.172 0
0 4.5706 -3.098 1 11 8 -5.856 1 0 0.0738 0 2 21.096 -0.160 1
1 1.6960 24.642 2 14 8 -0.069 1 1 -4.303 1 2 25.736 -0.167 1
1 -3.931 0.1620 2 8 4 -0.454 0 0 -7.424 0 2 -7.906 -0.172 0
1 -6.436 0.4590 2 11 4 -5.165 1 1 0.0738 0 2 -14.09 -0.172 0
1 -0.689 -4.949 2 2 8 -5.965 0 0 -7.424 1 1 5.3962 -0.172 0
0 -0.079 -4.649 2 8 4 -4.010 1 1 0.0738 1 2 -3.265 4.7073 0
1 -2.738 -4.552 2 13 4 -2.990 0 0 -7.424 0 2 -6.359 -0.172 0
1 -1.466 -3.746 1 8 4 -2.063 1 0 -7.424 1 2 -14.09 -0.170 0
1 -1.506 5.6616 2 11 8 9.4071 1 1 11.321 0 2 15.373 -0.171 1
1 -2.823 -4.349 2 11 4 -1.372 1 0 -7.424 1 2 7.5617 -0.172 1
1 -4.056 -1.752 1 4 4 -5.055 0 1 -4.303 1 2 7.5617 -0.171 0
1 -2.659 10.073 2 10 2 -0.069 0 0 -7.424 1 2 -3.265 -0.161 0
1 11.142 0.1620 2 8 8 1.0374 1 1 26.946 1 2 -14.09 -0.162 1
1 -0.076 -5.107 2 2 4 -3.783 1 0 -7.424 1 1 0.1370 -0.172 0
0 -3.194 9.4735 2 2 4 -0.069 1 0 0.0738 1 2 -0.172 -0.162 0
1 0.7125 -1.752 1 14 4 2.5214 1 1 1.9379 1 2 15.295 -0.172 1
1 3.8299 -3.604 2 8 4 -2.063 0 0 0.0738 0 2 -14.09 -0.169 0
0 -6.930 -5.549 1 5 1 -6.193 0 0 -7.424 0 2 -7.442 -0.172 0
1 -3.849 -4.758 2 8 4 -5.746 0 0 -7.424 0 2 -6.359 -0.172 1
1 -2.492 -2.295 1 13 4 8.2686 1 1 -4.303 0 2 2.2252 -0.162 1
0 -4.547 -5.058 2 8 4 -5.275 0 0 -7.424 1 1 -2.956 -0.172 0
1 4.0393 -4.901 1 6 4 -4.819 1 1 1.9379 0 2 1.3745 -0.162 1
0 -2.784 4.8587 2 6 4 -2.299 1 0 -7.424 0 2 -1.719 -0.171 1
1 -0.079 -5.549 2 2 4 -4.819 0 0 -7.424 0 2 -2.956 -0.172 0
1 -0.076 0.1620 1 3 4 -5.965 0 0 -7.424 1 2 17.693 -0.172 0
1 -2.453 0.1620 1 8 5 -0.069 0 0 -7.424 0 2 1.3745 -0.162 0
1 -3.355 -4.049 2 1 1 -6.193 1 0 -7.424 0 2 -7.906 -0.172 0
0 0.2571 0.1620 2 8 4 -5.510 0 0 -7.424 0 2 14.677 -0.171 0
1 -6.930 -0.189 2 8 4 -5.510 0 0 -7.424 0 1 -7.906 -0.172 0
0 2.9678 1.0589 2 11 4 -0.069 1 0 -7.424 1 2 3.5400 -0.172 1
1 -4.466 -2.498 1 8 8 0.9275 1 0 -7.424 0 2 -14.09 -0.172 1
0 -6.806 6.7191 2 8 1 -6.193 0 0 -7.424 0 2 -14.09 -0.172 0
1 -3.600 9.2674 2 11 8 -1.828 1 0 -7.424 1 2 -4.812 -0.162 1
0 -2.945 -4.949 2 8 8 -3.783 1 0 -7.424 1 2 23.880 -0.162 1
1 -2.738 9.4735 1 4 8 -2.754 0 0 -7.424 1 2 -14.09 -0.172 0
0 -4.426 1.8528 2 8 4 -5.746 0 0 -7.424 0 2 2.9213 -0.162 0
1 -4.302 -4.649 2 7 4 -4.819 1 0 -7.424 1 1 10.655 -0.172 0
1 -2.984 -5.213 1 8 4 -2.063 0 0 -7.424 0 2 -1.719 -0.172 0
1 8.3072 -5.310 1 4 4 -5.510 1 1 26.946 0 2 15.295 -0.146 1
1 -5.203 -5.549 2 8 4 -4.819 0 0 -7.424 1 1 -14.09 -0.172 0
1 1.7354 14.282 1 8 4 4.8218 1 0 -7.424 0 2 -7.906 -0.172 0
1 -4.341 8.3675 2 13 4 -6.083 1 0 -7.424 0 2 -7.906 -0.159 1
0 -0.079 -3.952 2 3 7 -5.275 0 0 0.0738 0 2 -14.09 -0.171 0
1 5.5571 -5.213 1 13 8 -1.372 1 1 17.583 0 2 -6.359 -0.169 1
1 -0.076 7.0706 2 14 4 11.707 1 0 -7.424 0 2 -14.09 -0.172 1
1 -0.079 -5.058 2 8 4 -5.856 0 0 -7.424 0 2 -14.09 -0.172 0
0 -0.079 5.9040 2 6 4 -5.965 1 0 -7.424 0 2 -6.359 -0.172 1
0 -2.122 11.876 2 14 8 2.3015 1 1 -4.303 0 2 -4.812 -0.172 1
1 4.5706 -5.504 2 10 4 -6.083 0 0 -4.303 0 2 29.217 -0.172 1
