1 0.1252 0.4092 2 4 4 0.0556 0 0 0.0 1 2 0.05 0.0121 0
1 0.1341 0.1357 2 8 4 0.0057 0 0 0.0 0 2 0.08 0.0 0
0 0.2380 0.0625 1 8 4 0.0438 0 0 0.0 1 2 0.14 0.0 0
0 0.1190 0.4107 2 5 3 0.0 1 1 0.1641 1 2 0.0 0.0 1
1 0.0965 0.2917 2 6 4 0.0687 1 0 0.2089 0 2 0.03 0.0015 1
0 0.0312 0.0207 2 8 8 0.0526 1 1 0.0298 0 2 0.05 0.0 1
1 0.0551 0.2321 2 3 4 0.0043 0 0 0.0 0 2 0.03 0.001 0
0 0.6754 0.1592 2 11 8 0.1066 1 1 0.0895 0 2 0.0215 0.0056 1
1 0.2117 0.0357 1 2 8 0.1052 1 0 0.0358 0 2 0.088 0.0101 0
1 0.6315 0.2528 2 4 8 0.2368 1 1 0.0447 1 2 0.05 0.0005 0
1 0.2969 0.0625 2 14 8 0.1578 1 1 0.0597 1 2 0.0920 0.0085 1
1 0.4160 0.1697 2 11 8 0.1754 1 1 0.0895 1 2 0.235 0.0 1
1 0.1040 0.0446 1 8 8 0.0482 1 1 0.0447 0 2 0.07 0.0021 0
1 0.3183 0.1785 2 14 8 0.2631 1 1 0.0895 1 2 0.0 0.01 1
1 0.2679 0.0967 2 8 4 0.0847 0 0 0.0 1 2 0.16 0.0 0
1 0.5162 0.2157 2 4 4 0.0014 0 0 0.0 0 2 0.0 0.0269 1
1 0.2380 0.1607 2 9 4 0.2631 1 1 0.0298 1 2 0.165 0.0 1
0 0.0777 0.3214 2 6 4 0.0780 1 1 0.0298 0 2 0.044 0.0059 1
1 0.2679 0.1697 1 4 4 0.0043 0 0 0.0 0 2 0.07 0.0101 0
0 0.1303 0.2021 2 11 4 0.0907 1 1 0.1044 0 2 0.0645 0.0325 1
0 0.2679 0.0207 2 6 4 0.0014 0 0 0.0 0 2 0.13 0.0100 0
0 0.0815 0.0207 1 6 4 0.0205 1 0 0.0358 1 2 0.08 0.0 0
1 0.4123 0.0475 2 2 4 0.0057 0 0 0.0358 0 2 0.084 0.0 0
1 0.4184 0.0625 2 4 4 0.0780 1 0 0.0 0 2 0.0920 0.0 0
1 0.0864 0.1697 2 6 4 0.0277 0 0 0.0 0 2 0.04 0.0035 0
1 0.2857 0.0535 2 13 8 0.0780 1 1 0.0447 1 2 0.0 0.0 1
1 0.1315 0.0042 2 4 4 0.0043 0 0 0.0 0 2 0.1 0.0007 0
1 0.2920 0.1085 1 8 8 0.0715 1 1 0.0149 1 2 0.09 0.1802 1
0 0.2544 0.4285 2 8 4 0.0780 1 1 0.0149 0 2 0.11 0.0001 1
1 0.1403 0.0892 2 8 4 0.0380 1 1 0.1641 1 2 0.03 0.0218 1
1 0.1992 0.1697 2 8 8 0.1491 1 1 0.0447 1 2 0.156 0.0015 1
0 0.1003 0.375 1 14 8 0.0 0 0 0.0 1 2 0.077 0.0003 0
1 0.5801 0.0489 1 8 8 0.3319 1 0 0.0 0 2 0.1 0.001 0
1 0.1403 0.4107 2 9 8 0.0745 1 0 0.1641 0 2 0.145 0.0028 1
1 0.4372 0.0446 2 7 4 0.4868 0 1 0.0149 1 2 0.176 0.0101 0
1 0.2679 0.6785 1 1 1 0.0014 0 1 0.0298 0 2 0.0 0.0035 0
1 0.1691 0.4464 2 6 4 0.1052 1 0 0.0 1 1 0.01 0.0 1
1 0.3884 0.4967 2 9 4 0.3026 1 1 0.0895 1 2 0.0920 0.0 1
0 0.5112 0.1697 2 8 4 0.2763 1 1 0.0895 1 2 0.0 0.0126 1
0 0.5063 0.1071 2 14 4 0.4868 1 1 0.0298 1 2 0.2595 0.0170 1
1 0.1416 0.0 2 8 4 0.0029 1 0 0.0 0 2 0.0 0.0 1
1 0.1327 0.0535 1 6 4 0.0189 0 0 0.0358 1 2 0.06 0.0006 0
1 0.1954 0.1697 2 14 8 0.0438 1 0 0.0358 0 2 0.0 0.0529 1
1 0.7455 0.0192 2 8 4 0.0205 1 1 0.0447 1 2 0.09 0.0 0
1 0.1503 0.0146 1 8 4 0.0014 0 1 0.0298 0 2 0.0920 6e-05 0
0 0.1052 0.3660 2 11 4 0.0249 1 1 0.0298 1 2 0.0245 0.0 1
0 0.1616 0.1697 1 8 4 0.0057 0 0 0.0 0 2 0.066 0.0101 0
1 0.0363 0.0014 2 8 4 0.0014 1 0 0.0 0 2 0.0 0.0 1
0 0.2368 0.0714 2 10 8 0.0701 0 0 0.0 0 2 0.128 0.0001 0
0 0.5876 0.5357 2 8 4 0.1929 1 1 0.2089 0 2 0.0 0.022 1
1 0.2679 0.125 2 4 4 0.0175 0 0 0.0 1 2 0.116 0.0 0
1 0.1102 0.1697 1 3 8 0.0014 0 0 0.0 0 2 0.07 0.001 0
1 0.2168 0.0042 2 4 4 0.0029 0 0 0.0 0 2 0.108 0.021 0
1 0.0789 0.0625 1 8 4 0.0819 0 0 0.0 1 2 0.056 6e-05 0
1 0.2679 0.1160 2 11 8 0.1784 0 1 0.0358 1 2 0.1845 1e-05 0
1 0.2117 0.0535 2 9 4 0.0701 1 1 0.1641 0 2 0.217 0.0003 1
1 0.3947 0.2321 2 6 4 0.1228 1 1 0.0149 0 2 0.0 0.005 1
0 0.3545 0.0892 2 8 8 0.0073 0 0 0.0 0 2 0.13 0.0024 0
1 0.4323 0.1697 1 9 4 0.1110 1 0 0.0 1 2 0.026 0.0144 1
1 0.6466 0.4375 2 7 4 0.0438 1 1 0.0597 1 2 0.1 0.0 1
1 0.4424 0.1785 2 3 5 0.0789 1 0 0.0 0 2 0.0705 0.0 0
0 0.1503 0.0253 2 9 4 0.0087 1 1 0.0149 1 2 0.12 4e-05 0
1 0.0714 0.1697 2 3 4 0.0526 1 1 0.0298 0 2 0.06 0.003 1
1 0.4072 0.125 2 3 5 0.0175 0 0 0.0 0 1 0.58 0.0 0
0 0.1616 0.0178 2 11 8 0.0526 1 0 0.0 0 2 0.14 0.0082 1
1 0.2679 0.3492 2 14 4 0.2792 1 1 0.1194 0 2 0.0 0.0 1
0 0.0864 0.0057 2 11 4 0.0014 0 0 0.0 1 2 0.19 0.0 0
1 0.1165 0.4107 2 3 4 0.0175 1 0 0.0 1 2 0.0920 0.0006 0
1 0.2631 0.1010 2 1 4 0.0 0 1 0.0746 0 2 0.088 0.0014 0
1 0.2030 0.0564 2 13 8 0.0643 1 0 0.0358 1 2 0.2915 0.0071 1
1 0.5263 0.9403 1 1 1 0.0 1 0 0.0 1 2 0.0 0.0 0
0 0.2506 0.1697 2 9 8 0.0014 0 1 0.0447 0 2 0.0 0.0101 0
1 0.2356 0.0446 2 9 4 0.0614 0 0 0.0 0 2 0.1 0.0 0
1 0.2180 0.18 1 8 5 0.0526 1 1 0.1194 1 2 0.0920 0.0101 1
1 0.3984 0.7678 2 10 9 0.7017 1 1 0.0358 0 2 0.0 0.0101 1
1 0.3421 0.1517 2 11 4 0.1228 0 0 0.0 0 2 0.227 0.0005 0
1 0.2679 0.0117 2 4 4 0.1228 0 0 0.0 1 2 0.17 0.0 0
1 0.2418 0.125 2 8 4 0.0057 0 0 0.0 0 2 0.108 0.0 0
1 0.1403 0.0 2 4 4 0.0350 0 1 0.1641 0 1 0.0 0.0 0
0 0.2769 0.0521 2 9 4 0.0380 1 1 0.2388 0 2 0.0920 0.0207 1
1 0.1717 0.1697 2 13 4 0.0219 1 1 0.1044 0 2 0.0 0.0705 1
0 0.3221 0.1339 2 1 1 0.0 0 0 0.0895 0 2 0.0 0.0101 0
0 0.0724 0.3571 2 2 4 0.0145 0 0 0.0 0 2 0.04 0.0004 0
1 0.2679 0.1785 2 3 5 0.0073 0 0 0.0358 0 2 0.275 0.0101 0
1 0.1454 0.0357 2 8 4 0.0175 0 0 0.0 1 2 0.14 0.0 0
1 0.3583 0.0 2 8 4 0.0 0 0 0.0 0 3 0.092 0.0 1
1 0.1654 0.4878 2 11 8 0.0526 0 0 0.0 0 2 0.14 1e-05 0
0 0.5 0.4642 2 3 5 0.1812 1 1 0.1343 1 2 0.0 0.0 1
1 0.3070 0.1875 2 9 4 0.0029 0 0 0.0 1 2 0.0920 6e-05 1
1 0.1266 0.0207 1 8 1 0.0 0 0 0.0 0 2 0.05 0.0 0
1 0.2105 0.0460 2 4 8 0.0087 0 0 0.0 1 1 0.0920 0.0 0
1 0.4360 0.1457 2 6 4 0.0014 1 0 0.0 0 2 0.054 0.001 0
1 0.2243 0.5178 2 8 4 0.0043 0 0 0.0 0 2 0.0 0.0028 0
1 0.2679 0.1785 2 8 5 0.0877 1 1 0.0895 0 2 0.0 0.0036 1
0 0.0664 0.3571 1 11 8 0.0057 0 0 0.0 0 2 0.17 0.0 0
1 0.1127 0.0535 2 9 4 0.0526 0 0 0.0 0 2 0.075 8e-05 1
0 0.3784 0.0592 2 6 4 0.0780 0 0 0.0 0 2 0.0 0.0039 0
1 0.2718 0.0014 1 8 4 0.0014 0 0 0.0 0 2 0.0 0.0 0
0 0.2679 0.3392 2 6 4 0.0614 0 1 0.1492 1 2 0.0 0.0001 0
0 0.1003 0.0296 2 11 4 0.0556 1 1 0.0149 0 2 0.0 0.0101 1
1 0.3809 0.1428 2 8 4 0.0780 0 0 0.0 0 2 0.24 0.0 0
1 0.3747 0.0075 2 8 4 0.0029 1 0 0.0 1 2 0.14 0.0 1
1 0.2093 0.4910 2 9 4 0.2017 1 0 0.0358 1 2 0.2435 0.005 1
1 0.2105 0.0207 1 13 4 0.0087 1 1 0.0298 0 2 0.13 0.005 1
1 0.0789 0.0 1 1 1 0.0 0 1 0.0597 0 2 0.0225 1e-05 0
0 0.1691 0.0310 2 14 8 0.0364 1 0 0.0 1 2 0.08 0.0586 1
1 0.2093 0.0714 2 14 8 0.0350 1 1 0.0597 0 2 0.07 0.0754 1
1 0.1278 0.3214 2 8 4 0.0780 0 0 0.0 0 2 0.0 0.0101 0
0 0.5425 0.485 2 4 8 0.2982 1 0 0.0358 1 2 0.0 0.0101 1
1 0.2793 0.0892 2 8 4 0.0780 1 0 0.0 0 2 0.0920 0.0 0
1 0.3684 0.3614 1 4 4 0.0043 0 0 0.0 0 2 0.08 0.0 0
1 0.2679 0.2321 2 8 4 0.0350 0 0 0.0 1 2 0.0 0.0022 0
1 0.2679 0.1428 1 3 8 0.2017 1 1 0.0298 1 2 0.0375 0.0 0
1 0.3308 0.0325 2 6 4 0.0263 1 1 0.0597 0 2 0.0 0.0158 1
1 0.2981 0.0089 2 3 5 0.1403 0 0 0.0 1 1 0.21 0.0 0
1 0.3057 0.0028 1 7 5 0.0014 1 1 0.0149 1 2 0.14 0.02 1
0 0.2679 0.3689 2 13 8 0.0780 1 1 0.0149 1 2 0.04 0.0005 1
1 0.2920 0.0357 2 14 4 0.0263 1 1 0.1044 1 2 0.17 0.0407 1
1 0.1353 0.3928 2 11 4 0.0877 1 1 0.1044 1 2 0.05 0.0080 1
1 0.5263 0.3035 2 8 8 0.4385 1 1 0.0358 0 2 0.0905 0.0101 1
1 0.4034 0.1785 2 8 4 0.1754 1 1 0.1044 0 2 0.0 0.0306 1
1 0.1040 0.0296 1 8 4 0.0701 0 0 0.0 1 1 0.12 0.0 0
1 0.3759 0.0535 2 1 1 0.0 1 0 0.0 0 2 0.038 0.0 0
0 0.6515 0.6964 2 8 4 0.0780 1 1 0.1044 0 2 0.0 0.03 1
0 0.2679 0.1339 2 13 4 0.0219 1 1 0.1343 0 2 0.0905 0.0 1
1 0.1240 0.0282 2 9 4 0.0101 0 1 0.0149 0 2 0.0920 0.0028 0
0 0.6703 0.3571 2 11 4 0.1403 1 1 0.2089 0 2 0.0 0.0101 1
1 0.2281 0.0132 2 8 4 0.0101 0 0 0.0 0 2 0.11 0.0014 0
0 0.4849 0.1428 2 5 3 0.0 1 0 0.0 0 2 0.05 0.0101 1
1 0.1090 0.1071 1 2 4 0.0380 1 1 0.1194 0 2 0.08 1e-05 1
0 0.2679 0.4464 2 6 4 0.0526 1 1 0.1791 1 2 0.06 0.0056 1
0 0.1064 0.0178 1 10 2 0.0350 0 0 0.0 0 2 0.13 0.0101 0
1 0.1628 0.1697 1 1 1 0.0 0 0 0.0 0 2 0.092 0.0 0
0 0.2679 0.1697 1 8 4 0.0029 0 0 0.0 0 1 0.04 0.0 0
1 0.4085 0.0296 2 8 1 0.0 1 0 0.0 0 2 0.065 1e-05 0
0 0.3696 0.1575 2 8 4 0.0780 0 0 0.0 0 2 0.08 0.0 0
1 0.0875 0.0207 2 1 1 0.0 0 1 0.0447 0 2 0.175 0.0076 0
1 0.3834 0.3392 2 7 4 0.2280 1 1 0.2089 0 2 0.12 0.0460 1
1 0.1804 0.0178 2 8 4 0.0780 1 1 0.0746 1 2 0.156 0.0 1
0 0.4861 0.1071 2 8 4 0.0780 1 1 0.1194 1 2 0.198 0.0415 1
1 0.0890 0.3571 1 4 8 0.0292 1 0 0.0 0 2 0.07 0.0 0
0 0.1278 0.1697 1 1 1 0.1140 1 0 0.0 0 2 0.14 0.0 0
1 0.0762 0.1264 1 1 4 0.0 0 0 0.0358 1 2 0.09 1e-05 0
1 0.7568 0.7142 2 14 8 0.6140 1 1 0.1343 1 2 0.0 0.01 1
0 0.0413 0.0446 2 11 4 0.0087 0 1 0.0149 0 2 0.054 0.0009 0
0 0.8258 0.5357 2 10 9 0.0 1 1 0.2089 0 2 0.0 0.0337 1
1 0.9473 0.1697 2 10 9 0.4473 1 1 0.0149 1 2 0.0 0.0010 1
0 0.2679 0.1025 2 11 4 0.0029 0 0 0.0 0 2 0.06 0.0101 0
1 0.3169 0.1428 2 8 5 0.4385 1 0 0.0 1 2 0.092 0.0 0
0 0.5063 0.1697 2 10 5 0.2280 1 1 0.0895 0 2 0.1875 0.511 1
1 0.1416 0.1697 2 8 4 0.0 0 0 0.0 0 3 0.092 0.0 1
1 0.4724 0.0535 2 8 4 0.0877 1 0 0.0 1 2 0.07 0.0 0
1 0.0213 0.25 2 10 4 0.0350 0 0 0.0358 0 2 0.3 0.0 0
1 0.0762 0.0146 1 8 4 0.0057 1 1 0.0149 0 2 0.1 1e-05 0
1 0.5827 0.1697 2 4 4 0.0780 1 1 0.2238 0 2 0.0 0.1120 1
1 0.0815 0.0 2 7 5 0.0 0 0 0.0 1 1 0.0920 1e-05 1
1 0.0639 0.0057 2 11 7 0.0073 0 0 0.0 0 2 0.1 0.0004 1
1 0.3571 0.0296 2 10 4 0.0014 1 0 0.0 0 2 0.06 0.0101 0
1 0.1341 0.0564 1 9 4 0.1082 1 1 0.0895 0 2 0.04 0.0 1
1 0.5124 0.1485 2 14 5 0.0029 1 0 0.0 1 2 0.26 0.0 0
1 0.3057 0.0892 2 8 4 0.0350 0 0 0.0 0 2 0.23 0.0001 0
0 0.2906 0.0578 2 2 4 0.0189 0 0 0.0 1 2 0.0 0.0 0
1 0.4410 0.0132 1 8 4 0.0131 1 0 0.1194 1 2 0.15 0.0016 1
1 0.3120 0.1442 1 3 5 0.2982 1 1 0.1044 1 2 0.0975 0.0 1
1 0.4360 0.1071 2 3 5 0.0350 1 0 0.0 0 2 0.0 0.002 0
1 0.0676 0.0057 2 2 4 0.0087 0 0 0.0 1 1 0.14 0.0 0
1 0.1403 0.0892 2 1 1 0.0029 0 0 0.0 1 2 0.05 0.0420 0
0 0.1315 0.3021 1 14 4 0.0863 0 0 0.0 0 2 0.0920 0.0 1
1 0.0627 0.0071 2 6 4 0.0014 0 0 0.0 0 2 0.14 0.0075 0
1 0.0702 0.3717 1 6 4 0.0043 1 0 0.0 0 2 0.06 0.0037 0
0 0.2093 0.0535 2 7 4 0.0701 1 0 0.0 0 1 0.0920 0.0 0
0 0.0777 0.3303 1 8 4 0.0350 1 1 0.0597 1 2 0.04 0.005 1
1 0.1341 0.0267 2 3 4 0.0556 0 1 0.0149 1 2 0.0920 9e-05 0
1 0.7330 0.4553 1 8 8 0.0780 1 0 0.0 0 2 0.0920 0.0 0
0 0.1466 0.3214 2 11 4 0.2982 1 1 0.0746 1 2 0.06 0.0 1
1 0.3233 0.1128 2 14 8 0.0780 1 0 0.0 1 2 0.34 0.0 0
0 0.6478 0.1517 2 1 1 0.0780 0 0 0.0 1 2 0.0 4e-05 0
0 0.5951 0.0057 2 1 1 0.0 0 0 0.0 1 2 0.031 0.0002 0
1 0.2679 0.1442 2 13 8 0.2456 1 1 0.1194 0 2 0.16 0.0 1
1 0.4273 0.18 2 11 4 0.4473 1 0 0.0 1 2 0.046 0.0 1
1 0.4123 0.0446 1 9 4 0.0087 0 0 0.0 0 2 0.0 0.0019 0
0 0.2679 0.0267 2 4 5 0.0350 1 1 0.0447 1 2 0.106 0.0 0
1 0.1792 0.1697 2 13 4 0.0780 1 1 1.0 1 2 0.07 0.0025 1
1 0.1590 0.2364 1 2 4 0.1929 1 0 0.0 0 1 0.05 0.0 1
1 0.1440 0.415 2 9 4 0.0292 1 0 0.0 1 2 0.08 0.003 1
1 0.2544 0.0892 2 13 8 0.0789 1 0 0.0 1 1 0.17 0.0 0
1 0.3521 0.1428 2 8 5 0.1754 1 0 0.0 1 1 0.0920 0.0 0
1 0.1879 0.055 2 9 4 0.0043 0 0 0.0 0 2 0.0920 0.0 0
1 0.2406 0.0235 2 9 4 0.0087 0 0 0.0 1 2 0.15 0.0 0
0 0.1390 0.0653 2 5 3 0.0 0 1 0.0149 0 2 0.1 0.0005 0
1 0.0526 0.1071 2 4 4 0.0014 0 0 0.0 1 2 0.08 0.0004 0
1 0.2679 0.5282 2 6 4 0.0780 1 1 0.0746 1 2 0.084 0.0 1
0 0.2230 0.1264 2 3 5 0.0175 1 0 0.0 0 2 0.0920 0.0 0
1 0.3132 0.1697 2 8 4 0.0 1 0 0.0 0 3 0.092 0.0 0
1 0.1454 0.0207 2 8 8 0.0029 1 0 0.0 0 2 0.09 0.0 0
1 0.1691 0.4017 2 8 4 0.0877 1 1 0.2537 0 2 0.1 0.0120 1
0 0.0751 0.2678 2 11 4 0.0780 1 1 0.0746 0 2 0.0920 0.2672 1
1 0.0499 0.0089 2 11 4 0.0780 0 1 0.0597 0 2 0.08 8e-05 0
0 0.0348 0.0117 2 1 1 0.0 0 1 0.0149 0 2 0.08 0.0012 0
1 0.2882 0.0892 2 8 4 0.0614 0 1 0.0298 1 2 0.36 0.0 0
0 0.0987 0.3571 2 8 8 0.0350 1 1 0.0597 0 2 0.025 0.0146 1
0 0.1203 0.0625 1 5 3 0.0 0 0 0.0 0 2 0.08 0.0 0
1 0.2920 0.1697 2 12 8 0.2280 1 0 0.0 1 2 0.082 0.3128 1
0 0.1741 0.0742 2 8 8 0.0964 1 0 0.0 1 2 0.0920 1e-05 0
1 0.1654 0.1071 2 11 8 0.0780 1 1 0.2835 0 2 0.0 0.005 1
1 0.2568 0.0 2 9 4 0.0438 1 1 0.0358 0 2 0.101 0.0 1
1 0.1052 0.1814 1 8 4 0.0101 0 0 0.0 0 2 0.07 0.0018 0
0 0.3996 0.29 1 4 4 0.0057 0 1 0.0298 0 2 0.092 0.0001 0
1 0.2356 0.0446 2 8 8 0.0087 0 1 0.0298 0 2 0.2 0.0010 0
1 0.4085 0.0178 1 7 4 0.0175 0 0 0.0 1 2 0.065 0.0 0
0 0.2679 0.0164 2 4 4 0.0189 1 1 0.0597 0 2 0.19 0.005 1
1 0.2679 0.0178 1 4 8 0.1389 1 0 0.0 0 2 0.09 0.0031 1
1 0.3045 0.1964 1 8 4 0.0780 0 0 0.0358 0 2 0.03 0.0101 0
1 0.1691 0.4285 2 4 4 0.0789 1 1 0.0298 1 2 0.06 5e-05 0
1 0.1929 0.0907 1 1 1 0.0 0 0 0.0 1 2 0.09 0.0006 0
0 0.2906 0.165 2 11 8 0.0570 1 1 0.0298 0 2 0.0 0.0 1
1 0.2995 0.1697 2 8 4 0.0526 0 0 0.0 0 2 0.0920 0.0 0
1 0.3371 0.1697 2 3 5 0.0780 0 0 0.0 0 2 0.105 0.0068 0
1 0.0864 0.01 2 4 4 0.0101 0 0 0.0 0 2 0.14 0.0036 0
1 0.2679 0.1697 2 11 4 0.1622 1 1 0.0298 1 2 0.26 0.02 1
1 0.2518 0.2321 2 8 5 0.1403 1 1 0.1044 1 2 0.0920 0.0306 1
1 0.0939 0.25 2 8 4 0.0175 0 0 0.0 0 2 0.0 0.0 0
1 0.2679 0.0203 2 8 4 0.0101 1 0 0.1044 1 2 0.048 0.0512 1
1 0.2380 0.1696 2 7 4 0.0780 0 1 0.0149 1 2 0.23 0.0006 0
1 0.4424 0.0803 2 3 5 0.0263 1 0 0.0 0 2 0.28 0.0 0
1 0.2679 0.0414 2 4 4 0.0175 1 0 0.0 0 2 0.14 0.0 0
1 0.2679 0.1071 1 3 5 0.2456 0 0 0.0 0 2 0.0 1e-05 0
1 0.0977 0.3557 2 10 2 0.0 1 0 0.0 0 2 0.0 0.0 1
1 0.4699 0.3035 2 13 8 0.4912 1 1 0.0149 1 2 0.044 0.0101 1
0 0.1365 0.0817 2 11 8 0.0803 1 1 0.1044 1 2 0.07 0.0238 1
0 0.1040 0.1697 2 11 4 0.0057 1 1 0.0447 0 2 0.05 6e-05 1
1 0.2117 0.0535 2 9 4 0.0789 0 1 0.0149 1 2 0.05 3e-05 0
1 0.4085 0.0803 1 14 4 0.3508 1 0 0.0 1 2 0.088 0.0 0
1 0.6416 1.0 1 8 4 1.0 1 1 0.5970 0 2 0.0 0.0001 1
0 0.7568 0.0057 2 1 1 0.0 1 1 0.0149 0 2 0.116 0.001 1
0 0.1303 0.4017 1 14 8 0.0263 1 1 0.0597 0 2 0.0 0.0101 1
0 0.1590 0.0892 2 3 5 0.1578 0 0 0.0 0 2 0.1 0.0045 0
0 0.8383 0.2142 2 1 1 0.0 0 0 0.0358 0 2 0.0 0.0101 0
1 0.3282 0.0267 2 4 4 0.0526 0 0 0.0358 1 2 0.0920 0.0 0
1 0.52 0.4285 2 7 4 0.5614 1 0 0.0 0 1 0.055 0.0 1
0 0.2154 0.5357 1 8 9 0.0 1 0 0.0 0 2 0.0 0.1321 1
1 0.3221 0.0892 2 4 4 0.1578 1 0 0.1044 0 2 0.075 0.0127 1
1 0.5375 0.2707 2 3 5 0.2661 1 1 0.2238 0 2 0.0 0.05 1
1 1.0 0.1964 2 8 4 0.0189 1 0 0.0 0 2 0.0 0.0034 0
1 0.2330 0.4642 2 2 8 0.0175 0 0 0.0 0 2 0.114 0.0101 0
0 0.0476 0.1697 2 3 4 0.0057 0 1 0.0895 1 2 0.12 0.0003 0
0 0.0338 0.0057 2 6 4 0.0350 0 1 0.0298 1 2 0.16 1e-05 0
1 0.2679 0.5178 2 8 1 0.6315 1 1 0.2238 1 2 0.0920 0.01 1
1 0.2142 0.0714 2 4 8 0.1461 1 1 0.0298 1 2 0.0920 0.0 1
1 0.4172 0.055 2 3 5 0.0780 0 0 0.0 0 2 0.108 0.0 1
1 0.1553 0.3214 2 6 4 0.0087 0 0 0.0 1 2 0.0 0.0 0
1 0.1616 0.4760 1 6 4 0.0014 0 0 0.0 1 2 0.06 0.0047 0
1 0.3157 0.5357 2 12 7 0.1885 1 1 0.0358 1 2 0.0 0.0013 1
1 0.2679 0.0446 2 9 4 0.0408 0 0 0.0 0 2 0.06 0.0 0
0 0.4072 0.3571 2 11 8 0.0614 1 0 0.0 0 2 0.0145 0.0083 1
1 0.1003 0.0653 2 8 4 0.0789 1 1 0.0149 0 2 0.05 0.0015 1
1 0.3571 0.04 1 2 4 0.0526 0 0 0.0 0 2 0.2155 0.0 1
1 0.5225 0.1517 2 8 4 0.0043 1 0 0.0 1 2 0.0920 0.0 1
1 0.1390 0.0267 2 7 4 0.0175 0 0 0.0 1 1 0.16 0.0 0
1 0.3195 0.1203 2 8 8 0.2908 0 0 0.0 1 2 0.0 0.0 0
1 0.0386 0.0982 2 6 4 0.0233 0 1 0.0149 0 2 0.04 0.0002 0
1 0.1341 0.375 2 8 8 0.0468 1 0 0.0 0 2 0.0920 0.0101 1
0 0.2679 0.4196 2 8 4 0.0087 0 0 0.0 1 2 0.09 0.0 0
0 0.2679 0.0907 1 6 4 0.0087 1 0 0.0 1 2 0.185 0.0 1
1 0.3395 0.0757 1 9 4 0.0029 1 1 0.0358 0 2 0.025 0.0118 1
0 0.2230 0.1339 2 8 4 0.0087 1 1 0.0149 1 2 0.02 0.0015 0
1 0.1266 0.4328 2 8 4 0.0780 0 1 0.0298 0 2 0.09 0.0017 0
1 0.3070 0.055 2 13 4 0.0540 1 1 0.0358 1 2 0.26 0.0101 1
1 0.3195 0.0892 2 3 4 0.0350 1 0 0.0 1 2 0.105 0.0 0
1 0.2230 0.1292 2 6 4 0.0087 1 0 0.0 1 2 0.05 0.0 0
0 0.0815 0.1932 2 3 8 0.0101 0 0 0.0 0 2 0.04 0.0048 0
1 0.2679 0.0357 2 8 4 0.0292 1 0 0.0358 0 1 0.15 0.0 1
1 0.0413 0.0042 2 8 4 0.0057 0 0 0.0 0 2 0.066 0.0 0
0 0.0950 0.0042 2 11 4 0.0350 0 1 0.0149 0 2 0.12 0.0076 1
1 0.1290 0.3928 2 9 4 0.0701 1 1 0.0149 0 2 0.04 0.0101 1
1 0.3045 0.1814 1 3 5 0.0380 1 0 0.0 1 2 0.24 0.0 0
0 0.6515 0.0117 2 3 5 0.0350 1 0 0.0 0 2 0.126 0.0219 0
1 0.0375 0.0296 2 7 4 0.0029 1 0 0.0 0 1 0.1 0.0 0
1 0.2869 0.0892 2 13 8 0.0964 1 1 0.0895 0 2 0.08 0.0207 1
1 0.5187 0.8957 2 9 4 0.0614 1 1 0.0447 0 2 0.06 0.0001 1
1 0.3070 0.0982 2 3 5 0.0877 0 0 0.0 1 2 0.116 0.002 0
1 0.0687 0.0432 1 10 4 0.0 0 0 0.0 0 2 0.05 0.0 0
1 0.2679 0.0178 2 7 4 0.3771 1 0 0.0358 0 1 0.2 0.0 0
1 0.3784 0.0625 2 4 4 0.0175 0 0 0.0358 1 2 0.15 2e-05 0
1 0.2681 0.0267 1 6 4 0.1228 0 0 0.0 1 2 0.16 0.0 0
1 0.1703 0.0610 2 14 4 0.0584 1 0 0.0149 0 2 0.1975 0.0002 1
1 0.7769 0.3928 2 10 9 0.7017 1 1 0.1044 1 2 0.011 0.0 1
1 0.2679 0.0 2 8 5 0.5263 1 0 0.0 0 2 0.0 0.0 1
1 0.2631 0.04 2 8 1 0.0780 0 1 0.0149 0 2 0.048 0.0001 0
0 0.3458 0.1682 2 1 1 0.0 1 0 0.0 0 2 0.08 0.0 0
1 0.2793 0.2678 2 10 5 0.0556 1 0 0.0 1 1 0.21 0.0 0
0 0.2679 0.1114 2 1 1 0.0780 0 1 0.0298 1 2 0.1 4e-05 0
1 0.1666 0.0982 2 8 4 0.0789 1 1 0.0895 0 2 0.092 0.006 1
1 0.1228 0.0192 1 14 4 0.0014 1 0 0.0149 0 2 0.42 0.0101 1
1 0.3082 0.1071 2 13 8 0.2601 1 0 0.0 1 2 0.0 0.0 1
1 0.5726 0.1071 1 8 1 0.0526 0 0 0.0 0 2 0.09 4e-05 0
0 0.2679 0.0535 2 1 1 0.0 0 0 0.0298 0 2 0.1 0.0010 0
1 0.3709 0.1697 2 8 4 0.0131 0 1 0.0298 0 2 0.0920 0.005 0
1 0.3822 0.0610 2 14 4 0.0043 1 1 0.0746 1 2 0.24 0.0 1
1 0.0664 0.0878 2 8 7 0.0336 0 1 0.0298 0 2 0.08 0.0058 0
1 0.3796 0.1785 2 13 4 0.1228 1 1 0.1492 1 2 0.0 0.0 1
1 0.2679 0.3942 2 8 4 0.0701 0 0 0.0 0 2 0.068 0.0 0
1 0.2679 0.0832 2 2 8 0.2017 0 0 0.0 1 2 0.146 0.0 0
1 0.0724 0.2039 2 2 4 0.0189 0 0 0.0 0 2 0.06 0.0 0
0 0.0312 0.2721 2 11 4 0.0043 0 1 0.0149 1 2 0.0 0.0016 0
1 0.3846 0.2096 2 13 8 0.3508 1 1 0.2089 1 2 0.1995 0.0 1
0 0.0875 0.0235 2 8 4 0.0584 0 0 0.0 0 2 0.11 5e-05 0
1 0.2679 0.375 2 8 4 0.0780 1 0 0.0 1 2 0.0 0.0101 1
0 0.1341 0.0267 2 8 4 0.0701 0 1 0.0298 1 2 0.1 0.0101 0
1 0.1792 0.1160 2 8 8 0.0803 0 0 0.0149 1 2 0.0920 0.0002 0
1 0.1102 0.36 2 10 8 0.0438 0 0 0.0358 0 2 0.13 0.0 0
0 0.5300 0.0535 2 5 3 0.0 1 0 0.0 1 2 0.05 0.0002 0
1 0.1040 0.1889 2 11 4 0.0131 1 1 0.0149 0 2 0.08 0.0 0
0 0.2679 0.0075 2 11 8 0.0101 1 1 0.1641 0 2 0.04 0.0009 1
1 0.1215 0.0089 2 2 8 0.0233 1 0 0.0 1 2 0.0 0.0 1
1 0.1966 0.0192 2 4 1 0.0 0 0 0.0 0 2 0.0920 0.0 0
0 0.3733 0.1785 2 13 4 0.4736 1 0 0.0358 1 2 0.49 0.0 0
0 0.5463 0.4478 2 6 4 0.0803 1 0 0.0447 1 2 0.078 0.0 1
0 0.0300 0.0132 2 8 4 0.0350 0 0 0.0 0 2 0.06 0.0001 0
0 0.1616 0.1697 2 8 5 0.1666 1 1 0.0358 0 2 0.0365 0.0044 1
1 0.1090 0.1710 1 9 4 0.0789 1 1 0.0358 1 2 0.04 0.003 1
1 0.1252 0.3928 2 13 4 0.0233 1 0 0.0358 0 2 0.05 0.0 1
1 0.6139 0.3360 2 1 1 0.5057 1 1 0.0358 1 2 0.015 0.0101 1
1 0.0649 0.1964 2 8 4 0.0175 1 0 0.0 0 2 0.0920 0.0101 1
1 0.3446 0.1575 1 4 4 0.0087 1 1 0.1492 1 2 0.16 0.0 1
1 0.2679 0.3614 2 14 4 0.0780 1 1 0.0895 0 2 0.26 0.0019 1
1 0.1215 0.055 2 4 4 0.0029 0 0 0.0 1 2 0.178 0.0 0
1 0.5739 0.2321 2 8 5 0.1082 0 0 0.0 1 2 0.0365 0.0 0
1 0.1266 0.0803 2 3 4 0.0043 0 0 0.0358 0 2 0.08 0.0001 0
1 0.5815 0.0535 2 2 4 0.1315 0 0 0.0 1 2 0.0 0.0035 0
0 0.7093 0.1785 2 6 4 0.0780 1 1 0.0597 0 2 0.0 0.0009 1
1 0.0965 0.2007 2 9 4 0.06 1 0 0.0 0 1 0.06 0.0 1
1 0.1428 0.1428 2 8 5 0.0087 1 0 0.0 1 2 0.08 0.0 1
1 0.3371 0.015 1 9 4 0.0101 0 0 0.0 1 2 0.1545 2e-05 0
0 0.4285 0.0625 2 8 4 0.0 0 0 0.0 1 2 0.0920 1e-05 0
1 0.1478 0.0296 2 3 8 0.0780 0 0 0.0 1 2 0.11 5e-05 0
0 0.3345 0.0357 2 8 4 0.0780 1 1 0.1641 0 2 0.0 0.0045 1
1 0.3884 0.1785 2 1 1 0.0 0 1 0.0298 0 2 0.0085 0.0101 0
0 0.0762 0.1575 1 8 8 0.1052 1 0 0.0358 0 2 0.12 0.0 1
1 0.2030 0.0221 2 6 4 0.0159 1 0 0.0 1 2 0.1 0.0 0
1 0.2807 0.1071 2 2 4 0.0057 0 0 0.0 1 2 0.06 0.0 0
1 0.0852 0.0535 1 8 4 0.0701 1 0 0.0 1 2 0.05 0.0002 0
0 0.1327 0.3839 2 11 4 0.0145 1 1 0.0746 1 2 0.0 0.0056 1
1 0.3935 0.2217 2 11 4 0.0014 1 1 0.0358 0 2 0.1 0.003 1
1 0.1341 0.0057 2 8 4 0.0780 0 0 0.0 1 1 0.0 0.0101 1
1 0.2679 0.0282 2 11 4 0.0526 1 1 0.0298 1 2 0.04 0.004 1
0 0.2443 0.1889 2 10 2 0.0789 1 1 0.0746 1 2 0.0495 0.005 1
0 0.3996 0.2692 1 11 8 0.2807 1 1 0.2089 0 2 0.0 0.023 1
0 0.3458 0.1828 2 10 4 0.1754 1 0 0.0 1 2 0.0 0.04 1
1 0.2593 0.0742 2 8 4 0.0029 0 0 0.0 0 2 0.15 0.0101 0
0 0.1717 0.1025 2 14 8 0.0307 1 0 0.0 0 2 0.18 0.0 1
1 0.2055 0.1697 2 8 5 0.0087 0 0 0.0 1 2 0.36 0.0 0
1 0.2679 0.1428 2 8 4 0.0780 1 1 0.0447 1 2 0.145 0.0227 1
1 0.2679 0.2321 2 6 4 0.0043 1 0 0.0 1 2 0.2215 0.0101 0
1 0.2679 0.0832 2 4 4 0.0263 0 0 0.0 0 2 0.09 0.0 0
1 0.2606 0.11 2 8 4 0.0877 0 1 0.0298 1 2 0.08 0.0004 0
1 0.2679 0.0178 2 8 5 0.0292 1 0 0.0 1 1 0.0920 0.0 0
1 0.2679 0.1114 2 9 4 0.0029 0 1 0.0149 0 2 0.0 6e-05 0
1 0.2030 0.0592 2 13 8 0.1784 1 1 0.0358 0 2 0.1995 0.0082 1
1 0.1717 0.1071 2 8 4 0.0438 0 1 0.0149 0 2 0.0 0.0002 0
1 0.8120 0.1964 2 10 9 0.4561 1 0 0.0149 1 2 0.0 0.0 1
0 0.0762 0.3392 2 9 4 0.0570 1 1 0.0895 0 2 0.02 0.006 1
0 0.2030 0.01 2 7 8 0.0043 0 1 0.0149 1 2 0.136 0.0010 0
1 0.0875 0.0235 2 8 4 0.0350 0 1 0.0149 0 2 1.0 2e-05 0
1 0.2679 0.0564 2 2 4 0.0780 1 0 0.0 1 1 0.0 0.0 0
0 0.5488 0.1697 2 6 4 0.0175 1 0 0.0 1 2 0.12 0.0011 0
1 0.2606 0.0535 1 9 4 0.0780 0 0 0.0 0 1 0.08 0.0 0
1 0.5688 0.5357 2 8 4 0.2982 1 1 0.1343 0 2 0.0 0.0 1
1 0.3433 0.1697 2 1 1 0.0 0 1 0.1492 0 2 0.1 0.0001 0
1 0.2981 0.1697 2 7 4 0.0780 1 1 0.0895 0 2 0.102 0.0 1
0 0.1064 0.1071 2 6 4 0.0014 1 0 0.0 0 2 0.05 0.0 1
1 0.3371 0.1697 2 9 4 0.0029 0 0 0.0358 0 2 0.16 0.0355 0
1 0.2679 0.0207 2 1 1 0.0 0 0 0.0 0 2 0.0725 0.0 0
1 0.1478 0.0296 2 11 4 0.0145 0 1 0.0149 1 2 0.1 0.0001 0
1 0.3221 0.1697 2 14 8 0.2017 0 0 0.0358 1 1 0.3555 0.0 1
0 0.6717 0.75 2 8 5 0.3508 1 1 0.1940 0 2 0.0 0.067 1
1 0.2180 0.1697 2 7 4 0.0336 1 1 0.0447 1 2 0.198 0.0 1
1 0.2679 0.0221 2 4 4 0.0087 0 0 0.0 0 2 0.19 0.0201 0
1 0.2706 0.1071 1 5 3 0.0780 0 0 0.0 0 2 0.0920 0.0002 0
1 0.0852 0.2321 2 9 8 0.0512 1 1 0.1044 0 2 0.0920 0.0295 1
1 0.3809 0.2142 2 7 4 0.0452 1 1 0.0746 1 2 0.054 0.0109 1
1 0.0499 0.1175 2 3 4 0.0780 0 0 0.0 1 2 0.07 2e-05 0
1 0.2679 0.25 1 8 4 0.0570 0 0 0.0 0 2 0.08 2e-05 0
1 0.2679 0.0 1 6 4 0.0087 0 0 0.0 0 2 0.0920 0.0 0
0 0.4123 0.2321 2 11 4 0.0175 1 1 0.0447 1 2 0.0725 0.0101 1
1 0.2281 0.5357 2 8 8 0.1871 1 1 0.1641 0 2 0.0 0.0228 1
0 0.1867 0.0714 2 5 3 0.0 0 0 0.0 1 2 0.0920 1e-05 0
1 0.3733 0.1189 2 9 4 0.1403 1 1 0.2089 0 2 0.1915 0.0134 1
1 0.1717 0.2142 2 8 4 0.0780 1 1 0.0447 0 2 0.0920 0.0 1
0 0.2168 0.0132 2 11 4 0.0205 1 1 0.0597 0 2 0.0920 0.0 1
1 0.8972 0.1697 2 1 1 0.0 1 0 0.0 1 2 0.0 0.0101 1
1 0.1315 0.4107 1 8 4 0.0526 0 0 0.0 1 2 0.0 0.04 0
0 0.2018 0.0446 2 1 1 0.0 0 1 0.0149 0 2 0.046 0.003 0
0 0.2679 0.3064 2 13 8 0.0263 1 1 0.1044 0 2 0.048 0.0 1
0 0.1778 0.0 2 8 4 0.0 0 0 0.0 0 2 0.092 0.0 1
1 0.2679 0.0014 1 2 4 0.0780 0 0 0.0 0 2 0.0920 0.0 0
0 0.1315 0.3035 2 11 4 0.0614 1 1 0.1492 0 2 0.04 0.0099 0
0 0.1378 0.0446 2 11 4 0.0087 0 0 0.0 1 2 0.06 0.0080 0
1 0.1428 0.4507 2 8 4 0.0780 0 1 0.0298 0 2 0.0 0.0555 0
0 0.2368 0.0385 1 14 4 0.0350 1 0 0.0 0 2 0.14 0.0001 0
1 0.2679 0.2142 2 8 4 0.0438 0 0 0.0 0 2 0.136 0.0 0
1 0.1992 0.0535 1 9 4 0.0131 1 0 0.0 1 2 0.13 0.0106 1
1 0.0837 0.3896 2 8 5 0.0780 0 1 0.0298 1 2 0.0920 7e-05 0
1 0.3308 0.0860 2 9 4 0.0043 0 1 0.0298 0 2 0.11 1e-05 0
1 0.0762 0.1697 2 11 4 0.0233 0 0 0.0 0 2 0.08 1e-05 0
0 0.2255 0.1339 2 8 4 0.0780 1 1 0.0358 1 2 0.1855 0.0 1
1 0.3108 0.1517 2 3 5 0.1140 1 1 0.0298 0 2 0.137 0.0061 1
0 0.2932 0.1071 1 6 4 0.0701 0 0 0.0 0 2 0.09 0.0 0
1 0.2679 0.3435 2 10 4 0.3040 1 1 0.0746 0 2 0.0 0.0 1
1 0.1729 0.0357 2 6 4 0.0175 0 0 0.0 0 2 0.1 0.0 0
1 0.2679 0.0771 1 8 4 0.0 0 0 0.0 0 2 0.06 0.0 0
0 0.1102 0.1785 1 1 1 0.0 0 0 0.0 0 2 0.0 0.0 0
0 0.6428 0.5714 2 8 1 0.0 1 1 0.2238 0 2 0.0 0.0024 1
1 0.2679 0.0057 1 8 8 0.1140 1 1 0.0149 1 2 0.0920 0.08 1
0 0.1015 0.1697 2 8 8 0.2105 1 0 0.0358 0 2 0.17 0.0 1
1 0.2481 0.1964 2 4 4 0.1929 0 0 0.0 1 2 0.05 0.0 0
0 0.2679 0.1697 2 8 8 0.0614 1 0 0.0 0 2 0.2 0.0 0
1 0.1416 0.3971 2 14 8 0.0161 1 1 0.0149 0 2 0.05 0.0 1
0 0.2679 0.4017 2 1 1 0.0 0 0 0.0 0 2 0.0920 0.052 0
0 0.2793 0.0192 2 13 4 0.0014 1 0 0.0 0 2 0.22 0.0101 1
1 0.1529 0.0535 2 2 4 0.0657 1 1 0.0895 0 2 0.1 0.0032 1
1 0.3458 0.0042 1 8 4 0.0526 0 0 0.0 1 2 0.116 0.0011 1
1 0.2418 0.0446 1 4 4 0.0087 1 0 0.0 0 2 0.0920 0.0 0
0 0.1553 0.0178 2 11 8 0.0438 1 1 0.0149 0 2 0.0 0.0067 1
1 0.1115 0.1697 1 8 4 0.0087 0 0 0.0 0 2 0.14 0.0020 0
1 0.2657 0.5535 2 8 4 0.0175 1 0 0.0 0 2 0.06 0.0 0
1 0.1365 0.1071 2 7 4 0.0452 1 1 0.0149 0 2 0.13 0.008 1
1 0.2679 0.0625 2 8 5 0.0087 1 0 0.0 1 2 0.082 0.004 0
0 0.1666 0.1607 2 9 4 0.0350 0 0 0.0 1 2 0.18 6e-05 0
1 0.3395 0.1353 2 8 4 0.0408 1 0 0.0 1 2 0.1 0.0 0
0 0.5037 0.0267 2 11 8 0.0964 1 1 0.0149 0 2 0.1665 0.0089 1
1 0.2679 0.1428 1 13 4 0.0526 0 0 0.0 0 2 0.06 0.0101 0
0 0.2679 0.3807 2 8 8 0.0029 0 1 0.1791 0 2 0.0920 3e-05 0
1 0.2117 0.055 2 9 4 0.1315 1 1 0.0746 1 2 0.05 3e-05 1
1 0.6177 0.5535 2 10 9 0.0 1 1 0.2985 0 2 0.076 0.0013 0
1 0.0348 0.1697 2 8 4 0.0614 1 1 0.0746 0 2 0.176 0.0069 1
1 0.2679 0.4464 2 9 4 0.0307 1 0 0.0 1 2 0.13 0.0 0
1 0.2845 0.1964 2 11 4 0.1929 1 1 0.1791 1 2 0.204 0.01 1
1 0.2469 0.0178 2 8 4 0.0614 1 1 0.1641 0 2 0.016 0.0054 1
1 0.1278 0.0164 2 4 4 0.0043 0 0 0.0 1 2 0.14 0.0101 0
1 0.4210 0.0342 2 14 4 0.0877 1 0 0.0 0 2 0.255 0.006 1
1 0.3446 0.0714 2 8 4 0.0087 0 0 0.0 1 2 0.1105 0.0 0
1 0.1816 0.4582 2 13 4 0.0175 1 0 0.0 0 2 0.0 2e-05 0
1 0.2431 0.0653 2 8 8 0.1521 1 0 0.0 0 2 0.13 0.002 1
1 0.0950 0.0089 2 11 4 0.0043 0 0 0.0 0 2 0.1 0.0 0
1 0.0890 0.0132 2 11 4 0.0701 1 1 0.0298 1 2 0.04 0.0101 1
1 0.5664 0.0014 2 14 8 0.0014 1 0 0.0 0 2 0.0 0.03 1
1 0.7368 0.25 2 10 9 0.0780 0 0 0.0 0 2 0.0 0.0001 0
1 0.4034 0.1175 2 7 4 0.1228 0 0 0.0 1 1 0.2 0.0 0
0 0.0386 0.0075 2 6 4 0.0043 1 0 0.0 0 2 0.1 1e-05 0
1 0.2368 0.0203 2 9 4 0.0101 0 1 0.0149 0 2 0.17 0.0280 0
1 0.3045 0.1607 2 6 4 0.0350 1 0 0.0 1 2 0.0920 0.0 0
0 0.8696 0.0 2 8 4 0.0 0 0 0.0 0 3 0.092 0.0 1
1 0.4248 0.0071 2 3 8 0.1798 1 0 0.0 0 2 0.2 0.0 1
0 0.1315 0.3928 1 11 4 0.1052 1 0 0.0 1 2 0.0920 0.0 0
1 0.1604 0.0714 2 10 2 0.0057 0 0 0.0298 0 2 0.16 0.013 0
1 0.4598 0.0178 2 3 8 0.0780 1 0 0.0 1 2 0.16 0.0 1
0 0.1390 0.4196 2 14 8 0.0175 1 1 0.0298 1 2 0.15 0.0055 1
1 0.2679 0.0475 2 3 5 0.0043 0 0 0.0 1 2 0.22 0.045 0
1 0.1403 0.4107 2 3 4 0.1228 1 1 0.1343 0 2 0.028 0.0074 1
1 0.1830 0.0310 2 4 4 0.0131 1 1 0.0298 1 2 0.087 3e-05 0
0 0.0574 0.3214 2 6 4 0.0482 1 0 0.0 1 2 0.0 0.0 1
1 0.1003 0.1697 2 11 4 0.0526 0 0 0.0 0 2 0.0920 7e-05 0
1 0.2694 0.5771 2 2 4 0.1052 1 1 0.1343 0 2 0.125 0.0073 1
0 0.6590 0.0714 2 1 1 0.2280 0 1 0.0149 0 2 0.0 0.0001 0
1 0.6905 0.055 2 11 4 0.0780 1 0 0.0 1 2 0.13 0.0 1
0 0.7732 0.5 2 1 1 0.0 1 1 0.1641 1 2 0.0 0.0101 1
1 0.2455 0.0371 1 3 5 0.0175 1 1 0.1492 1 2 0.066 0.0002 0
1 0.5237 0.2321 2 11 8 0.2105 1 0 0.0 1 2 0.175 0.0101 1
0 0.1478 0.4107 1 4 8 0.1052 0 0 0.0358 1 2 0.01 0.0001 0
1 0.0965 0.3303 2 8 4 0.0584 1 1 0.0447 1 2 0.02 0.0002 1
1 0.5175 0.2721 2 9 8 0.5438 1 1 0.1791 0 2 0.0 0.0079 1
1 0.1428 0.0535 2 11 4 0.0833 1 1 0.0447 1 2 0.0 0.0058 1
1 0.2781 0.5 1 1 4 0.0 1 1 0.0298 0 2 0.08 1e-05 0
1 0.2981 0.0117 2 8 4 0.0029 0 0 0.0 0 2 0.09 0.0 0
1 0.1478 0.0164 1 9 4 0.0921 1 1 0.0895 1 2 0.104 0.0034 0
1 0.0476 0.0117 1 4 4 0.0101 1 0 0.0 0 1 0.1 0.0 0
0 0.1064 0.3035 2 8 4 0.0057 0 0 0.0 0 2 0.0920 0.0035 0
0 0.7042 0.5892 2 11 4 0.3859 1 0 0.0 1 2 0.0105 0.1056 1
1 0.2679 0.1785 1 6 4 0.0780 1 0 0.0 0 2 0.0920 0.0 0
0 0.1691 0.4403 2 13 8 0.1228 1 1 0.0895 0 2 0.2 0.0045 1
1 0.1165 0.3482 2 8 4 0.0087 1 0 0.0 0 2 0.07 0.0101 0
1 0.1003 0.0 2 8 4 0.0 0 0 0.0 0 3 0.092 0.0 0
0 0.1729 0.4821 1 1 1 0.0701 0 1 0.0149 1 2 0.1 1e-05 0
1 0.4372 0.165 2 11 4 0.1607 1 0 0.0 0 1 0.0 0.0 1
1 0.1942 0.0625 1 8 4 0.0350 1 1 0.0746 0 2 0.0920 0.0577 1
1 0.6628 0.2514 2 7 4 0.4912 1 1 0.0895 1 2 0.18 0.0133 1
1 0.6341 0.4107 2 1 1 0.1754 1 1 0.0358 0 2 0.0 0.0885 1
1 0.5651 0.3571 2 3 4 0.0 1 1 0.1641 0 2 0.0 0.0124 1
1 0.3921 0.1697 2 7 4 0.0087 1 0 0.0 0 1 0.144 0.0 0
1 0.2079 0.0728 1 6 4 0.0701 1 0 0.0447 1 2 0.0920 0.0101 1
1 0.2469 0.2321 2 8 4 0.1096 1 1 0.0358 0 2 0.165 0.012 1
1 0.5726 0.0728 1 8 4 0.0526 0 0 0.0 0 2 0.06 1e-05 0
0 0.1691 0.3928 2 6 4 0.1578 1 0 0.0 0 2 0.06 0.0 0
1 0.2679 0.0267 1 8 4 0.0014 0 0 0.0 0 2 0.12 0.0 0
0 0.2995 0.0132 2 13 4 0.0131 1 0 0.0 0 2 0.15 0.0004 1
1 0.1804 0.0267 2 8 5 0.0087 1 0 0.0 0 2 0.1745 0.0002 1
0 0.2243 0.0371 2 8 4 0.0877 1 1 0.0358 0 2 0.15 0.0143 1
0 0.0649 0.0132 3 13 1 0.3508 0 0 0.0 1 1 0.15 0.0 1
1 0.1003 0.25 2 8 4 0.0570 1 1 0.0447 0 2 0.0920 0.0139 1
1 0.0563 0.7857 3 1 7 0.0 0 0 0.0 1 3 0.225 1.0 1
1 0.0649 0.2410 1 7 4 0.0014 1 0 0.0358 0 2 0.07 0.0 0
1 0.5100 0.0892 2 7 5 0.0877 1 1 0.1791 0 2 0.205 0.0251 1
1 0.6566 0.3035 2 10 8 0.2456 1 1 0.0447 0 2 0.0 0.0 1
1 0.0 0.1428 1 8 4 0.0614 1 1 0.0298 1 2 0.06 0.01 1
1 0.0837 0.3392 2 11 4 0.0350 1 0 0.0 1 2 0.03 0.004 1
0 0.1228 0.4164 2 4 8 0.0029 0 0 0.0 0 2 0.16 5e-05 0
1 0.2679 0.3571 2 9 8 0.0057 0 1 0.0149 0 2 0.06 1e-05 0
1 0.3169 0.0892 2 9 4 0.1052 0 0 0.0 0 1 0.1 0.0 0
1 0.2318 0.125 2 9 4 0.1228 1 1 0.0447 1 2 0.1645 0.0 0
1 0.2679 0.0267 1 12 7 0.0263 1 0 0.0 1 2 0.066 2e-05 0
1 0.0664 0.3660 2 8 8 0.0380 0 0 0.0 0 2 0.16 0.0101 0
1 0.2142 0.1071 2 9 4 0.0780 0 0 0.0 1 2 0.0920 0.0006 0
0 0.4824 0.375 2 11 4 0.1754 1 0 0.1044 0 2 0.0920 0.0 1
1 0.1353 0.4107 2 3 4 0.0145 0 0 0.0 0 2 0.0 0.0 0
1 0.2679 0.125 2 2 4 0.1052 1 0 0.0 1 2 0.15 0.0 0
0 0.1003 0.2678 2 4 4 0.0526 1 1 0.0149 0 2 0.08 0.0023 1
0 0.1127 0.0832 2 3 5 0.0175 1 1 0.0597 0 1 0.04 0.0 1
1 0.1942 0.1517 2 8 4 0.1505 1 1 0.0149 0 2 0.06 0.0 1
0 0.2042 0.0592 2 1 1 0.0 0 0 0.0 0 2 0.17 1e-05 0
1 0.4260 0.0371 2 9 4 0.1754 1 1 0.0895 1 2 0.25 0.1 1
0 0.0676 0.3571 2 9 4 0.0350 1 1 0.0149 0 2 0.06 1e-05 0
0 0.2679 0.0357 2 11 4 0.0350 1 1 0.0298 1 2 0.0835 0.005 0
0 0.1165 0.2142 2 6 4 0.0877 1 1 0.0447 0 2 0.04 0.0091 1
1 0.1215 0.3928 2 14 4 0.0101 1 0 0.0895 0 2 0.0605 0.0 1
1 0.1228 0.0178 2 8 4 0.0043 0 0 0.0 0 2 0.18 0.0 0
1 0.2845 0.3214 2 9 8 0.0780 1 0 0.0 1 2 0.077 0.0 1
0 0.4748 0.0357 2 11 4 0.0043 1 0 0.0 1 2 0.1315 0.0 0
0 0.1478 0.0207 1 1 1 0.0043 0 0 0.0 0 2 0.06 0.0008 0
1 0.0627 0.0192 2 8 4 0.0614 0 1 0.0149 1 2 0.04 5e-05 0
1 0.2894 0.0892 2 8 4 0.2456 0 0 0.0 1 2 0.14 0.0 0
0 0.1341 0.0117 2 11 4 0.0263 0 0 0.0 0 1 0.08 0.0 0
1 0.3145 0.0385 2 7 4 0.0408 1 0 0.0 0 1 0.014 0.0 0
1 0.2393 0.0503 2 9 8 0.0263 1 1 0.0149 0 2 0.12 0.0101 1
1 0.2718 0.0892 2 6 4 0.0780 1 0 0.0 1 2 0.0920 0.0 0
0 0.1040 0.0653 2 11 4 0.0731 1 1 0.0746 0 2 0.11 0.0250 1
1 0.3007 0.0982 2 3 5 0.0780 0 0 0.0358 0 2 0.09 0.0 0
1 0.1252 0.0296 2 8 8 0.0759 0 0 0.0 1 2 0.0920 0.0 1
0 0.3258 0.1697 2 11 8 0.4912 1 1 0.1194 0 2 0.0920 0.0659 1
1 0.2732 0.1592 2 13 8 0.2119 1 1 0.0447 0 2 0.1555 0.003 1
0 0.1341 0.0282 2 3 4 0.0029 0 0 0.0 0 2 0.072 0.0 0
1 0.1942 0.5207 2 3 5 0.0 0 0 0.0 1 2 0.089 0.0 0
1 0.4548 0.0714 2 7 4 0.0614 1 1 0.0298 1 2 0.0 0.0001 1
1 0.2469 0.0385 1 8 4 0.0014 0 0 0.0 0 2 0.085 0.0017 0
1 0.3609 0.25 2 11 8 0.4035 1 1 0.1044 0 2 0.15 5e-05 0
1 0.0499 0.0028 1 8 4 0.0014 0 0 0.0 0 2 0.07 0.0072 0
1 0.5326 0.0817 2 1 4 0.0101 0 0 0.0 0 2 0.1 3e-05 0
1 0.1378 0.0060 2 7 4 0.0029 0 0 0.0 0 1 0.0 0.0 0
0 0.3169 0.0446 1 3 8 0.0175 0 0 0.0 1 2 0.08 0.0 0
1 0.4586 0.3928 1 2 4 0.0526 1 0 0.0 0 2 0.0 0.0 0
1 0.6879 0.0982 2 9 4 0.0614 1 1 0.0746 0 2 0.03 0.0005 1
1 0.1766 0.1697 2 7 4 0.0087 1 1 0.0447 0 2 0.13 0.1510 1
0 0.4184 0.0371 2 6 4 0.0233 0 0 0.0 0 2 0.12 0.0023 0
1 0.5387 0.6785 2 1 1 0.0 1 1 0.0149 0 2 0.0920 0.0 0
0 0.3033 0.0564 1 1 1 0.0 1 0 0.0 0 2 0.0920 0.0 0
1 0.2679 0.1428 1 3 4 0.0350 1 0 0.0 1 2 0.18 0.01 0
0 0.1616 0.0860 1 8 4 0.0 0 0 0.0 0 2 0.06 0.0 0
1 0.1440 0.0535 2 8 8 0.0496 1 0 0.0 0 2 0.211 0.002 1
1 0.8333 0.3214 2 1 1 0.1403 0 1 0.0149 0 2 0.035 6e-05 0
1 0.5100 0.01 2 8 5 0.0780 1 1 0.2985 0 2 0.0 0.15 1
1 0.2932 0.0892 1 8 4 0.0877 0 0 0.0 1 2 0.0 2e-05 0
1 0.4436 0.1071 2 11 8 0.2105 1 1 0.1641 0 2 0.04 0.0 1
1 0.1390 0.0221 2 6 4 0.0043 1 0 0.0 0 2 0.09 1e-05 0
1 0.3157 0.0892 2 13 5 0.0175 0 0 0.0 0 2 0.174 0.0 0
1 0.2679 0.6607 2 2 5 0.5263 1 1 0.2537 1 2 0.0 0.0 1
0 0.4574 0.2378 2 11 4 0.2587 1 1 0.0447 0 2 0.0 0.0 1
0 0.4598 0.0 2 8 4 0.0877 1 0 0.0 0 2 0.0 0.0 1
1 0.3082 0.0625 2 9 4 0.0087 1 0 0.0 1 2 0.0815 0.0 0
0 0.4699 0.1635 2 4 8 0.0350 0 0 0.0 1 1 0.12 0.0 0
1 0.2679 0.0967 1 7 4 0.0043 0 0 0.0 1 1 0.04 0.0 0
1 0.2093 0.0267 2 11 8 0.0057 0 0 0.0 1 2 0.11 0.0025 0
1 0.0852 0.2589 2 8 4 0.0014 0 1 0.0149 0 2 0.05 1e-05 0
0 0.4147 0.0357 2 3 5 0.0780 1 0 0.0 1 2 0.0 0.003 1
0 0.1466 0.0535 2 9 4 0.0780 0 0 0.0 1 2 0.08 0.0 0
1 0.2679 0.0296 2 14 4 0.0468 1 0 0.1194 1 2 0.0920 0.0329 1
0 0.0612 0.3928 2 14 8 0.0350 1 1 0.0358 0 2 0.0 0.03 1
0 0.2920 0.0803 2 13 4 0.1228 0 0 0.0 1 2 0.1 0.0014 0
0 0.5827 0.25 2 6 8 0.1052 0 0 0.0 0 2 0.0 0.0101 0
0 0.1754 0.04 2 11 4 0.0452 1 1 0.0298 0 2 0.1 0.0 0
1 0.4034 0.0535 2 8 5 0.0 0 0 0.0 0 1 0.15 0.0 0
1 0.1529 0.0207 1 13 8 0.0043 0 0 0.0358 0 2 0.12 1e-05 0
1 0.6353 0.4464 2 8 8 0.2807 1 0 0.0 0 2 0.012 0.0202 1
0 0.2218 0.1085 2 14 8 0.0780 1 1 0.0149 0 2 0.035 0.0 1
1 0.2756 0.1428 2 7 4 0.0877 1 0 0.0 1 2 0.18 0.0 1
1 0.1115 0.0310 1 8 8 0.0087 0 0 0.0 0 2 0.14 0.0020 0
1 0.3070 0.3275 2 8 4 0.1578 1 1 0.1791 1 2 0.0 0.0022 1
1 0.4436 0.9003 2 11 8 0.0073 1 1 0.0149 0 2 0.38 0.0009 0
0 0.3684 0.2142 2 4 4 0.0350 1 0 0.0 0 2 0.0 0.0101 1
1 0.3559 0.0728 2 9 4 0.0014 1 0 0.0 1 2 0.2 0.0101 1
1 0.2418 0.0728 1 14 8 0.0014 0 0 0.0 0 2 0.064 1e-05 0
1 0.3545 0.095 2 13 4 0.0057 0 0 0.0 0 2 0.0920 0.0050 0
1 0.2643 0.6964 2 8 4 0.2456 1 1 0.0358 0 2 0.0 0.0101 1
1 0.3357 0.0907 2 1 1 0.0780 0 0 0.0 0 2 0.0 0.01 0
1 0.1015 0.0860 2 8 4 0.0701 1 0 0.1641 1 2 0.1 0.03 1
1 0.5025 0.2082 2 9 4 0.1929 0 0 0.0 0 2 0.2325 0.0101 0
1 0.1240 0.2796 1 3 5 0.0057 0 0 0.0 1 2 0.092 0.0 0
1 0.1015 0.1697 1 8 4 0.0877 1 0 0.0 0 1 0.02 0.0 1
1 0.3183 0.0892 2 9 4 0.0780 1 0 0.0 1 2 0.1195 0.002 1
1 0.1553 0.0310 2 7 4 0.0029 0 1 0.0597 0 2 0.127 0.0101 0
1 0.3545 0.2321 2 7 8 0.1491 1 1 0.1791 1 2 0.0465 0.0 1
0 0.1052 0.1697 2 8 4 0.0014 0 0 0.0 0 2 0.1 0.01 0
1 0.3446 0.1160 2 11 8 0.3157 1 0 0.0 1 2 0.051 0.0063 1
1 0.1327 0.3582 2 14 4 0.0014 1 1 0.1343 0 2 0.0920 0.0039 1
0 0.1980 0.4821 2 11 8 0.1754 1 1 0.0298 0 2 0.0920 0.05 1
0 0.4950 0.0164 2 13 8 0.0145 1 1 0.1641 1 2 0.22 6e-05 1
0 0.5777 0.0 1 1 1 0.0 1 0 0.0 0 2 0.0 0.0 0
1 0.3822 0.0892 1 3 4 0.3508 0 0 0.0 0 1 0.1 0.0 0
1 0.3822 0.1697 2 8 4 0.0526 1 1 0.1492 0 2 0.093 0.047 1
1 0.2679 0.0728 2 9 4 0.0087 1 0 0.0 1 2 0.09 0.0005 0
1 0.0815 0.3392 2 9 4 0.0526 1 0 0.0 0 2 0.06 0.0220 1
1 0.3872 0.1517 2 8 5 0.2280 1 1 0.2388 0 2 0.0585 0.0121 1
1 0.3409 0.0267 2 2 4 0.0780 0 0 0.0 0 2 0.12 3e-05 0
1 0.1867 0.0089 2 3 5 0.0 1 0 0.0 1 2 0.0 0.0 1
1 0.3860 0.0610 1 7 4 0.0057 0 0 0.0 0 1 0.0920 0.0 0
1 0.4236 0.015 2 8 8 0.0073 1 1 0.0895 0 2 0.11 0.0094 1
1 0.1139 0.2678 2 6 4 0.0496 1 1 0.0149 0 2 0.04 0.098 1
0 0.0950 0.0446 2 8 4 0.0 0 0 0.0358 0 2 0.0 0.0101 0
1 0.2079 0.1697 2 7 4 0.0780 0 1 0.0149 0 2 0.0920 0.0001 0
1 0.1177 0.1697 1 13 4 0.0233 0 0 0.0358 0 2 0.08 0.0101 0
1 0.2180 0.1828 2 14 4 0.1666 1 1 0.0298 0 2 0.21 7e-05 1
1 0.1980 0.0803 2 3 5 0.0175 0 0 0.0 1 2 0.32 0.04 0
0 0.0702 0.3303 2 11 4 0.0424 1 1 0.0597 0 2 0.03 0.0054 1
0 0.1428 0.2096 2 11 4 0.1112 1 1 0.1492 0 2 0.06 0.0024 1
1 0.1478 0.1697 2 8 4 0.0189 0 0 0.0 1 2 0.068 1e-05 0
1 0.2192 0.1785 2 9 4 0.3859 1 0 0.0 1 2 0.035 0.0 1
1 0.1792 0.0789 1 6 4 0.1403 1 0 0.0 0 2 0.094 0.0 0
0 0.2230 0.0592 2 11 4 0.0847 1 0 0.0 1 2 0.22 0.0 0
1 0.1378 0.1128 1 8 4 0.0057 0 0 0.0 0 2 0.08 0.0105 0
0 0.2679 0.0371 1 1 1 0.0175 1 1 0.0447 0 2 0.09 0.0014 0
1 0.1654 0.0192 2 7 4 0.0350 0 0 0.0 1 2 0.06 1e-05 0
1 0.2744 0.0625 1 10 4 0.0014 1 0 0.0 1 2 0.1965 0.0 1
1 0.2679 0.1339 2 8 5 0.0350 0 0 0.0 0 2 0.05 2e-05 0
0 0.2206 0.125 2 9 4 0.0292 1 0 0.0358 0 1 0.14 0.0 1
1 0.1754 0.0192 2 9 4 0.0057 0 1 0.0149 0 2 0.136 0.0044 0
1 0.0724 0.3675 2 1 4 0.0145 0 0 0.0 0 2 0.04 0.0 0
1 0.1190 0.0414 1 4 4 0.0877 1 1 0.0149 0 2 0.09 0.0002 0
1 0.2679 0.0446 2 8 4 0.0087 0 0 0.0 0 2 0.055 0.0 0
1 0.2679 0.1697 2 3 8 0.0145 0 0 0.0 1 2 0.06 0.0 0
1 0.1954 0.0714 2 2 4 0.0263 0 0 0.0 1 2 0.04 0.0 0
1 0.5175 0.125 2 6 4 0.1228 1 0 0.0 0 1 0.115 0.0 1
1 0.1466 0.0982 2 1 1 0.1578 1 0 0.0358 0 2 0.08 0.0002 0
1 0.4097 0.0728 1 11 8 0.0043 1 1 0.3432 1 2 0.2275 0.0123 1
1 0.3221 0.8971 2 14 8 0.0570 1 1 0.0149 1 2 0.2575 0.005 1
1 0.2679 0.4285 2 8 4 0.0731 0 0 0.0 0 1 0.04 0.0 0
1 0.0739 0.1785 2 11 4 0.0131 1 1 0.0298 0 2 0.0 0.0003 0
1 0.2493 0.0178 2 2 8 0.0780 0 0 0.0 1 1 0.126 0.0101 0
0 0.0902 0.0267 2 8 4 0.0780 1 0 0.0746 0 2 0.07 5e-05 0
1 0.1867 0.0296 2 13 4 0.0408 0 0 0.0358 0 2 0.05 0.0 0
1 0.2255 0.0535 1 8 4 0.0526 1 0 0.0 1 2 0.0 0.0022 0
1 0.2243 0.3332 2 11 8 0.1987 1 1 0.0895 0 2 0.1905 0.0016 1
1 0.1842 0.0357 2 8 4 0.0614 1 0 0.0 1 2 0.14 0.0 1
1 0.1466 0.1128 1 4 4 0.0145 0 0 0.0149 1 2 0.14 0.0008 0
1 0.1891 0.1697 2 10 2 0.0780 0 0 0.0358 1 2 0.07 0.0111 0
1 0.6102 0.2410 2 8 8 0.0921 1 1 0.1641 1 2 0.0 0.0028 1
1 0.2679 0.0132 2 2 4 0.0307 1 0 0.0 1 2 0.464 0.0 0
0 0.1729 0.4464 2 2 4 0.0350 0 0 0.0 1 2 0.09 0.0106 0
1 0.2679 0.1697 1 14 4 0.0780 1 1 0.0447 1 2 0.19 0.0 1
1 0.2679 0.0578 2 8 4 0.0526 0 0 0.0 0 2 0.0 0.0031 0
0 0.0589 0.0 1 5 4 0.0 0 0 0.0 0 2 0.0920 0.0101 0
1 0.1529 0.0235 2 8 4 0.0057 0 0 0.0 0 2 0.05 0.0 1
1 0.1942 0.0967 1 8 4 0.1842 1 1 0.0149 0 2 0.1055 0.0101 1
0 0.1315 0.0146 2 3 4 0.0117 0 0 0.0358 1 1 0.0920 0.0 0
1 0.3935 0.0192 1 8 4 0.0175 1 1 0.0447 0 2 0.1 0.01 1
0 0.1854 0.1697 2 8 4 0.0496 1 0 0.0 0 2 0.08 0.0015 1
1 0.0939 0.0 2 2 4 0.0175 0 0 0.0 0 2 0.0920 0.0 0
1 0.2679 0.1428 1 3 4 0.0029 0 0 0.0 1 2 0.0920 0.0 0
1 0.1954 0.1607 1 8 5 0.0877 0 0 0.0 0 2 0.0920 0.0121 0
0 0.1679 0.0446 2 1 1 0.0 1 0 0.0 0 2 0.0920 0.0 0
0 0.2781 0.0535 2 8 4 0.0087 0 0 0.0 1 2 0.186 0.0012 0
1 0.0589 0.1592 2 8 4 0.0087 0 0 0.0 0 1 0.04 0.0 0
0 0.3609 0.1964 2 11 4 0.0043 1 0 0.0 0 2 0.114 0.0 1
1 0.1341 0.0907 1 8 8 0.0780 1 0 0.0 0 2 0.0 0.0 1
0 0.0627 0.3646 2 1 1 0.0 0 0 0.0 0 2 0.0 0.0101 0
1 0.1604 0.4403 2 11 8 0.0556 1 0 0.0 1 2 0.06 0.0 1
0 0.1804 0.0178 2 8 8 0.0307 1 0 0.0 1 2 0.0920 0.0 1
1 0.1867 0.1697 1 8 8 0.0438 0 0 0.0 1 2 0.0 0.0001 0
0 0.1353 0.22 2 6 4 0.0057 0 0 0.0 0 2 0.11 0.01 0
1 0.1390 0.0267 2 7 4 0.0175 1 0 0.0358 1 2 0.16 0.0 0
1 0.1792 0.01 1 8 4 0.0526 1 0 0.0 1 2 0.0920 0.0 0
1 0.5237 0.1697 1 4 4 0.0780 1 1 0.1641 0 2 0.19 0.0273 1
1 0.1115 0.0 2 8 4 0.0175 0 0 0.0 1 1 0.0920 0.0 0
1 0.3233 0.5892 2 8 4 0.1403 1 0 0.0 0 2 0.04 0.0 0
1 0.1378 0.4135 2 13 4 0.0014 1 0 0.0358 0 2 0.04 0.0134 1
0 0.5175 0.0475 2 3 7 0.0117 0 0 0.0 0 2 0.0 0.0101 0
1 0.4398 0.01 1 13 8 0.0614 1 1 0.1194 0 2 0.05 0.0037 1
1 0.2679 0.375 2 14 4 0.0780 1 0 0.0 0 2 0.0 0.0 1
1 0.1040 0.0146 2 8 4 0.0043 0 0 0.0 0 2 0.0 0.0101 0
0 0.0762 0.3403 2 6 4 0.0029 1 0 0.0 0 2 0.05 0.0 1
0 0.2055 0.5178 2 14 8 0.1082 1 1 0.0149 0 2 0.06 0.0101 1
1 0.4097 0.0014 2 10 4 0.0014 1 1 0.0149 0 1 0.28 0.0101 1
